0.0000000000000000e+00 0.0000000000000000e+00 0.0000000000000000e+00
0.0000000000000000e+00 4.2895795680215029e-05 0.0000000000000000e+00
0.0000000000000000e+00 -8.1157406535740342e-02 0.0000000000000000e+00
0.0000000000000000e+00 -1.1959202183606071e-01 0.0000000000000000e+00
0.0000000000000000e+00 -9.2964648630137953e-02 0.0000000000000000e+00
0.0000000000000000e+00 -6.8068679210549821e-02 0.0000000000000000e+00
0.0000000000000000e+00 -1.3718142097107192e-01 0.0000000000000000e+00
0.0000000000000000e+00 -2.6085084562747696e-01 0.0000000000000000e+00
0.0000000000000000e+00 -1.9725370616584870e-01 0.0000000000000000e+00
0.0000000000000000e+00 -2.4859546254884116e-01 0.0000000000000000e+00
0.0000000000000000e+00 -3.0819992915313660e-01 0.0000000000000000e+00
0.0000000000000000e+00 -3.5478333056219641e-01 0.0000000000000000e+00
0.0000000000000000e+00 -3.6385318885479651e-01 0.0000000000000000e+00
0.0000000000000000e+00 -5.9630195759957738e-01 0.0000000000000000e+00
0.0000000000000000e+00 -6.4797744995478923e-01 0.0000000000000000e+00
0.0000000000000000e+00 -4.9231319046830152e-01 0.0000000000000000e+00
0.0000000000000000e+00 -5.6162517880701612e-01 0.0000000000000000e+00
0.0000000000000000e+00 -6.0745064548433081e-01 0.0000000000000000e+00
0.0000000000000000e+00 -6.2968511936237070e-01 0.0000000000000000e+00
0.0000000000000000e+00 -6.9159106083444000e-01 0.0000000000000000e+00
0.0000000000000000e+00 -7.7135180932257374e-01 0.0000000000000000e+00
0.0000000000000000e+00 -8.5232584580486925e-01 0.0000000000000000e+00
0.0000000000000000e+00 -9.2422496677872279e-01 0.0000000000000000e+00
0.0000000000000000e+00 -9.0814572780533453e-01 0.0000000000000000e+00
0.0000000000000000e+00 -1.9006240368482492e+00 0.0000000000000000e+00
0.0000000000000000e+00 -1.0443700555123212e+00 0.0000000000000000e+00
0.0000000000000000e+00 -1.2042498553460774e+00 0.0000000000000000e+00
0.0000000000000000e+00 -1.3517428230311548e+00 0.0000000000000000e+00
0.0000000000000000e+00 -1.3915068671667554e+00 0.0000000000000000e+00
0.0000000000000000e+00 -1.3925830589802548e+00 0.0000000000000000e+00
0.0000000000000000e+00 -1.4684554401740308e+00 0.0000000000000000e+00
0.0000000000000000e+00 -1.5910210533192608e+00 0.0000000000000000e+00
0.0000000000000000e+00 -1.6790706934766189e+00 0.0000000000000000e+00
0.0000000000000000e+00 -1.7250983376735252e+00 0.0000000000000000e+00
0.0000000000000000e+00 -1.7781328214787449e+00 0.0000000000000000e+00
0.0000000000000000e+00 -1.8546923734841321e+00 0.0000000000000000e+00
0.0000000000000000e+00 -1.9295418152305155e+00 0.0000000000000000e+00
0.0000000000000000e+00 -1.9811134475636012e+00 0.0000000000000000e+00
0.0000000000000000e+00 -2.0167707127747230e+00 0.0000000000000000e+00
0.0000000000000000e+00 -2.0534412533432658e+00 0.0000000000000000e+00
0.0000000000000000e+00 -2.0534447381681562e+00 0.0000000000000000e+00
0.0000000000000000e+00 -2.4548359415752863e+00 0.0000000000000000e+00
0.0000000000000000e+00 -2.1605322236444739e+00 0.0000000000000000e+00
0.0000000000000000e+00 -2.2502146859983490e+00 0.0000000000000000e+00
0.0000000000000000e+00 -2.3397650225752260e+00 0.0000000000000000e+00
0.0000000000000000e+00 -2.3853544409363070e+00 0.0000000000000000e+00
0.0000000000000000e+00 -2.4165149375057187e+00 0.0000000000000000e+00
0.0000000000000000e+00 -2.4706483159571988e+00 0.0000000000000000e+00
0.0000000000000000e+00 -2.5330418688457015e+00 0.0000000000000000e+00
0.0000000000000000e+00 -2.5780481305828067e+00 0.0000000000000000e+00
0.0000000000000000e+00 -2.6088297722880118e+00 0.0000000000000000e+00
0.0000000000000000e+00 -2.6426897151089475e+00 0.0000000000000000e+00
0.0000000000000000e+00 -2.6856926543373092e+00 0.0000000000000000e+00
0.0000000000000000e+00 -2.7299594513370216e+00 0.0000000000000000e+00
0.0000000000000000e+00 -2.7713496254963781e+00 0.0000000000000000e+00
0.0000000000000000e+00 -2.8126781191035337e+00 0.0000000000000000e+00
0.0000000000000000e+00 -2.8544162812804053e+00 0.0000000000000000e+00
0.0000000000000000e+00 -2.8946916318381000e+00 0.0000000000000000e+00
0.0000000000000000e+00 -2.9317718628963454e+00 0.0000000000000000e+00
0.0000000000000000e+00 -2.9656163222371199e+00 0.0000000000000000e+00
0.0000000000000000e+00 -2.9962361944731137e+00 0.0000000000000000e+00
0.0000000000000000e+00 -3.0268645091395570e+00 0.0000000000000000e+00
0.0000000000000000e+00 -3.0570441383266758e+00 0.0000000000000000e+00
0.0000000000000000e+00 -3.0254081784686595e+00 0.0000000000000000e+00
0.0000000000000000e+00 -3.5617932941190928e+00 0.0000000000000000e+00
0.0000000000000000e+00 -3.0957117854915697e+00 0.0000000000000000e+00
0.0000000000000000e+00 -3.1734363306452873e+00 0.0000000000000000e+00
0.0000000000000000e+00 -3.2411754862445687e+00 0.0000000000000000e+00
0.0000000000000000e+00 -3.2452980768377899e+00 0.0000000000000000e+00
0.0000000000000000e+00 -3.2378644556654024e+00 0.0000000000000000e+00
0.0000000000000000e+00 -3.2697595363816343e+00 0.0000000000000000e+00
0.0000000000000000e+00 -3.3180677567385586e+00 0.0000000000000000e+00
0.0000000000000000e+00 -3.3430120463941524e+00 0.0000000000000000e+00
0.0000000000000000e+00 -3.3545807246707420e+00 0.0000000000000000e+00
0.0000000000000000e+00 -3.3730130174401936e+00 0.0000000000000000e+00
0.0000000000000000e+00 -3.4021411090624403e+00 0.0000000000000000e+00
0.0000000000000000e+00 -3.4291573669963906e+00 0.0000000000000000e+00
0.0000000000000000e+00 -3.4493463983412234e+00 0.0000000000000000e+00
0.0000000000000000e+00 -3.4685820147731863e+00 0.0000000000000000e+00
0.0000000000000000e+00 -3.4906216492934705e+00 0.0000000000000000e+00
0.0000000000000000e+00 -3.5137609137825367e+00 0.0000000000000000e+00
0.0000000000000000e+00 -3.5353862955588888e+00 0.0000000000000000e+00
0.0000000000000000e+00 -3.5580260674565420e+00 0.0000000000000000e+00
0.0000000000000000e+00 -3.5951879816389920e+00 0.0000000000000000e+00
0.0000000000000000e+00 -3.6254831818293689e+00 0.0000000000000000e+00
0.0000000000000000e+00 -3.6559554951486009e+00 0.0000000000000000e+00
0.0000000000000000e+00 -3.6858509703597861e+00 0.0000000000000000e+00
0.0000000000000000e+00 -3.7144401015023849e+00 0.0000000000000000e+00
0.0000000000000000e+00 -3.5297560179084924e+00 0.0000000000000000e+00
0.0000000000000000e+00 -5.2634611036733085e+00 0.0000000000000000e+00
0.0000000000000000e+00 -5.3326350017781454e+00 0.0000000000000000e+00
0.0000000000000000e+00 -3.6855723328731416e+00 0.0000000000000000e+00
0.0000000000000000e+00 -3.9662972167885391e+00 0.0000000000000000e+00
0.0000000000000000e+00 -4.0294769701096049e+00 0.0000000000000000e+00
0.0000000000000000e+00 -3.8982409363179147e+00 0.0000000000000000e+00
0.0000000000000000e+00 -3.8790091152438486e+00 0.0000000000000000e+00
0.0000000000000000e+00 -4.0392738779396646e+00 0.0000000000000000e+00
0.0000000000000000e+00 -4.1754707506659132e+00 0.0000000000000000e+00
0.0000000000000000e+00 -4.1963020579250845e+00 0.0000000000000000e+00
0.0000000000000000e+00 -4.1947600457088203e+00 0.0000000000000000e+00
0.0000000000000000e+00 -4.2547620987385102e+00 0.0000000000000000e+00
0.0000000000000000e+00 -4.3437198216012156e+00 0.0000000000000000e+00
0.0000000000000000e+00 -4.4051466444744909e+00 0.0000000000000000e+00
0.0000000000000000e+00 -4.4334166942745998e+00 0.0000000000000000e+00
0.0000000000000000e+00 -4.4642330552397000e+00 0.0000000000000000e+00
0.0000000000000000e+00 -4.5036454262259555e+00 0.0000000000000000e+00
0.0000000000000000e+00 -4.5408336657451542e+00 0.0000000000000000e+00
0.0000000000000000e+00 -4.5647505967987616e+00 0.0000000000000000e+00
0.0000000000000000e+00 -4.5783929005187387e+00 0.0000000000000000e+00
0.0000000000000000e+00 -4.5891228771572781e+00 0.0000000000000000e+00
0.0000000000000000e+00 -4.6053901632342216e+00 0.0000000000000000e+00
0.0000000000000000e+00 -4.6270592989825001e+00 0.0000000000000000e+00
0.0000000000000000e+00 -4.6514147484331945e+00 0.0000000000000000e+00
0.0000000000000000e+00 -4.6761721173373862e+00 0.0000000000000000e+00
0.0000000000000000e+00 -4.7021356004314816e+00 0.0000000000000000e+00
0.0000000000000000e+00 -4.7277208611231165e+00 0.0000000000000000e+00
0.0000000000000000e+00 -4.7520853004508785e+00 0.0000000000000000e+00
0.0000000000000000e+00 -4.7700928555745481e+00 0.0000000000000000e+00
0.0000000000000000e+00 -4.7623422291377713e+00 0.0000000000000000e+00
0.0000000000000000e+00 -4.9803746869541943e+00 0.0000000000000000e+00
0.0000000000000000e+00 -4.7975335305969988e+00 0.0000000000000000e+00
0.0000000000000000e+00 -4.8290793849713767e+00 0.0000000000000000e+00
0.0000000000000000e+00 -4.8550925370012212e+00 0.0000000000000000e+00
0.0000000000000000e+00 -4.8543577841274423e+00 0.0000000000000000e+00
0.0000000000000000e+00 -4.8507773029366446e+00 0.0000000000000000e+00
0.0000000000000000e+00 -4.8624753282779576e+00 0.0000000000000000e+00
0.0000000000000000e+00 -4.8814818507852520e+00 0.0000000000000000e+00
0.0000000000000000e+00 -4.8917292371083692e+00 0.0000000000000000e+00
0.0000000000000000e+00 -4.8974154527296001e+00 0.0000000000000000e+00
0.0000000000000000e+00 -4.9055752763087241e+00 0.0000000000000000e+00
0.0000000000000000e+00 -4.9152072980413415e+00 0.0000000000000000e+00
0.0000000000000000e+00 -4.9267349721634046e+00 0.0000000000000000e+00
0.0000000000000000e+00 -4.9367145845493541e+00 0.0000000000000000e+00
0.0000000000000000e+00 -4.9463940677720473e+00 0.0000000000000000e+00
0.0000000000000000e+00 -4.9575784289951761e+00 0.0000000000000000e+00
0.0000000000000000e+00 -4.9687224878363478e+00 0.0000000000000000e+00
0.0000000000000000e+00 -4.9800511711360071e+00 0.0000000000000000e+00
0.0000000000000000e+00 -4.9906950617536081e+00 0.0000000000000000e+00
0.0000000000000000e+00 -5.0019107957084099e+00 0.0000000000000000e+00
0.0000000000000000e+00 -5.0124023680160139e+00 0.0000000000000000e+00
0.0000000000000000e+00 -5.0236079802619136e+00 0.0000000000000000e+00
0.0000000000000000e+00 -5.0340836191336287e+00 0.0000000000000000e+00
0.0000000000000000e+00 -5.0449034754572741e+00 0.0000000000000000e+00
0.0000000000000000e+00 -5.0545916570371840e+00 0.0000000000000000e+00
0.0000000000000000e+00 -5.0606809081713067e+00 0.0000000000000000e+00
0.0000000000000000e+00 -5.0694354595574174e+00 0.0000000000000000e+00
0.0000000000000000e+00 -5.0789122027084614e+00 0.0000000000000000e+00
0.0000000000000000e+00 -5.0876970171763629e+00 0.0000000000000000e+00
0.0000000000000000e+00 -4.6102003363536159e+00 0.0000000000000000e+00
0.0000000000000000e+00 -9.1687947204432572e+00 0.0000000000000000e+00
0.0000000000000000e+00 -9.2271187824763157e+00 0.0000000000000000e+00
0.0000000000000000e+00 -4.9766907571559535e+00 0.0000000000000000e+00
0.0000000000000000e+00 -5.5124964250216371e+00 0.0000000000000000e+00
0.0000000000000000e+00 -5.3983631928791693e+00 0.0000000000000000e+00
0.0000000000000000e+00 -5.0012101518523284e+00 0.0000000000000000e+00
0.0000000000000000e+00 -4.9406190975837836e+00 0.0000000000000000e+00
0.0000000000000000e+00 -5.1735071173382154e+00 0.0000000000000000e+00
0.0000000000000000e+00 -5.2726498711589134e+00 0.0000000000000000e+00
0.0000000000000000e+00 -5.1667971854599273e+00 0.0000000000000000e+00
0.0000000000000000e+00 -5.0810193344586141e+00 0.0000000000000000e+00
0.0000000000000000e+00 -5.1203277930157514e+00 0.0000000000000000e+00
0.0000000000000000e+00 -5.1901517365338661e+00 0.0000000000000000e+00
0.0000000000000000e+00 -5.1952162923845870e+00 0.0000000000000000e+00
0.0000000000000000e+00 -5.1641072613509946e+00 0.0000000000000000e+00
0.0000000000000000e+00 -5.1520465653968115e+00 0.0000000000000000e+00
0.0000000000000000e+00 -5.1674781641709862e+00 0.0000000000000000e+00
0.0000000000000000e+00 -5.1854335492454346e+00 0.0000000000000000e+00
0.0000000000000000e+00 -5.1895755782123780e+00 0.0000000000000000e+00
0.0000000000000000e+00 -5.1856162445050842e+00 0.0000000000000000e+00
0.0000000000000000e+00 -5.1847737553094149e+00 0.0000000000000000e+00
0.0000000000000000e+00 -5.1910149772802985e+00 0.0000000000000000e+00
0.0000000000000000e+00 -5.1977185782440847e+00 0.0000000000000000e+00
0.0000000000000000e+00 -5.2015347715057665e+00 0.0000000000000000e+00
0.0000000000000000e+00 -5.2028245882401221e+00 0.0000000000000000e+00
0.0000000000000000e+00 -5.2059160228887134e+00 0.0000000000000000e+00
0.0000000000000000e+00 -5.2117334432127924e+00 0.0000000000000000e+00
0.0000000000000000e+00 -5.2173708925503988e+00 0.0000000000000000e+00
0.0000000000000000e+00 -5.2211982061873217e+00 0.0000000000000000e+00
0.0000000000000000e+00 -4.8634235889652118e+00 0.0000000000000000e+00
0.0000000000000000e+00 -7.9595118324317395e+00 0.0000000000000000e+00
0.0000000000000000e+00 -8.0436316028360384e+00 0.0000000000000000e+00
0.0000000000000000e+00 -5.0717271433935274e+00 0.0000000000000000e+00
0.0000000000000000e+00 -5.5235493598353553e+00 0.0000000000000000e+00
0.0000000000000000e+00 -5.4925760214069159e+00 0.0000000000000000e+00
0.0000000000000000e+00 -5.1730738572042068e+00 0.0000000000000000e+00
0.0000000000000000e+00 -5.0838466078568416e+00 0.0000000000000000e+00
0.0000000000000000e+00 -5.2614361072898914e+00 0.0000000000000000e+00
0.0000000000000000e+00 -5.3648079159137234e+00 0.0000000000000000e+00
0.0000000000000000e+00 -5.2910677136242379e+00 0.0000000000000000e+00
0.0000000000000000e+00 -5.2138785248778312e+00 0.0000000000000000e+00
0.0000000000000000e+00 -5.2269991206928283e+00 0.0000000000000000e+00
0.0000000000000000e+00 -5.3521090576736290e+00 0.0000000000000000e+00
0.0000000000000000e+00 -5.4786140268613464e+00 0.0000000000000000e+00
0.0000000000000000e+00 -5.5646418072625030e+00 0.0000000000000000e+00
0.0000000000000000e+00 -5.6633891392170241e+00 0.0000000000000000e+00
0.0000000000000000e+00 -5.7906378578321114e+00 0.0000000000000000e+00
0.0000000000000000e+00 -5.9169500565858462e+00 0.0000000000000000e+00
0.0000000000000000e+00 -6.0142308909008984e+00 0.0000000000000000e+00
0.0000000000000000e+00 -6.0833813252335522e+00 0.0000000000000000e+00
0.0000000000000000e+00 -6.1355752129078178e+00 0.0000000000000000e+00
0.0000000000000000e+00 -6.1738666273811100e+00 0.0000000000000000e+00
0.0000000000000000e+00 -6.1996556552540909e+00 0.0000000000000000e+00
0.0000000000000000e+00 -6.2218668248537545e+00 0.0000000000000000e+00
0.0000000000000000e+00 -6.2550690332048262e+00 0.0000000000000000e+00
0.0000000000000000e+00 -6.3068026023067638e+00 0.0000000000000000e+00
0.0000000000000000e+00 -6.3850482057924758e+00 0.0000000000000000e+00
0.0000000000000000e+00 -6.4731791889531136e+00 0.0000000000000000e+00
0.0000000000000000e+00 -6.5522702451853139e+00 0.0000000000000000e+00
0.0000000000000000e+00 -6.6196159071788720e+00 0.0000000000000000e+00
0.0000000000000000e+00 -6.6684938495001633e+00 0.0000000000000000e+00
0.0000000000000000e+00 -6.1999045983409706e+00 0.0000000000000000e+00
0.0000000000000000e+00 -1.0553705198765497e+01 0.0000000000000000e+00
0.0000000000000000e+00 -1.0661945997192030e+01 0.0000000000000000e+00
0.0000000000000000e+00 -6.4890288551457065e+00 0.0000000000000000e+00
0.0000000000000000e+00 -7.0916561902367077e+00 0.0000000000000000e+00
0.0000000000000000e+00 -7.0518408989366357e+00 0.0000000000000000e+00
0.0000000000000000e+00 -6.6408876941301394e+00 0.0000000000000000e+00
0.0000000000000000e+00 -6.5487105772499765e+00 0.0000000000000000e+00
0.0000000000000000e+00 -6.8201502876367694e+00 0.0000000000000000e+00
0.0000000000000000e+00 -6.9931705169269760e+00 0.0000000000000000e+00
0.0000000000000000e+00 -6.9198133314462469e+00 0.0000000000000000e+00
0.0000000000000000e+00 -6.8348563388181001e+00 0.0000000000000000e+00
0.0000000000000000e+00 -6.8816987434153676e+00 0.0000000000000000e+00
0.0000000000000000e+00 -6.9820400116280599e+00 0.0000000000000000e+00
0.0000000000000000e+00 -7.0062650235622499e+00 0.0000000000000000e+00
0.0000000000000000e+00 -6.9795050217037407e+00 0.0000000000000000e+00
0.0000000000000000e+00 -6.9666340893538159e+00 0.0000000000000000e+00
0.0000000000000000e+00 -6.9879509549106613e+00 0.0000000000000000e+00
0.0000000000000000e+00 -7.0131732517666334e+00 0.0000000000000000e+00
0.0000000000000000e+00 -7.0259155374797588e+00 0.0000000000000000e+00
0.0000000000000000e+00 -7.0287253519884345e+00 0.0000000000000000e+00
0.0000000000000000e+00 -7.0323099804721050e+00 0.0000000000000000e+00
0.0000000000000000e+00 -7.0472306700503653e+00 0.0000000000000000e+00
0.0000000000000000e+00 -7.0706700211660500e+00 0.0000000000000000e+00
0.0000000000000000e+00 -7.0864189922098593e+00 0.0000000000000000e+00
0.0000000000000000e+00 -7.1050877660100378e+00 0.0000000000000000e+00
0.0000000000000000e+00 -7.1157917521547587e+00 0.0000000000000000e+00
0.0000000000000000e+00 -7.1386470981429238e+00 0.0000000000000000e+00
0.0000000000000000e+00 -7.1483716826390964e+00 0.0000000000000000e+00
0.0000000000000000e+00 -7.1706351524133005e+00 0.0000000000000000e+00
0.0000000000000000e+00 -7.1721973712285738e+00 0.0000000000000000e+00
0.0000000000000000e+00 -7.1939255953655250e+00 0.0000000000000000e+00
0.0000000000000000e+00 -7.1932953604266601e+00 0.0000000000000000e+00
0.0000000000000000e+00 -7.2105158694779412e+00 0.0000000000000000e+00
0.0000000000000000e+00 -7.2072728095904246e+00 0.0000000000000000e+00
0.0000000000000000e+00 -7.2269906804703350e+00 0.0000000000000000e+00
0.0000000000000000e+00 -7.2242025919941604e+00 0.0000000000000000e+00
0.0000000000000000e+00 -6.8111979713409507e+00 0.0000000000000000e+00
0.0000000000000000e+00 -1.0428592527409858e+01 0.0000000000000000e+00
0.0000000000000000e+00 -1.0522541167601883e+01 0.0000000000000000e+00
0.0000000000000000e+00 -7.0434286472859755e+00 0.0000000000000000e+00
0.0000000000000000e+00 -7.6097597590474502e+00 0.0000000000000000e+00
0.0000000000000000e+00 -7.5949995077322994e+00 0.0000000000000000e+00
0.0000000000000000e+00 -7.2050292727378560e+00 0.0000000000000000e+00
0.0000000000000000e+00 -7.0832264764626256e+00 0.0000000000000000e+00
0.0000000000000000e+00 -7.3018414204430080e+00 0.0000000000000000e+00
0.0000000000000000e+00 -7.4409316660564038e+00 0.0000000000000000e+00
0.0000000000000000e+00 -7.3540837081244845e+00 0.0000000000000000e+00
0.0000000000000000e+00 -7.2540506169548680e+00 0.0000000000000000e+00
0.0000000000000000e+00 -7.2808225380568166e+00 0.0000000000000000e+00
0.0000000000000000e+00 -7.3579112785191052e+00 0.0000000000000000e+00
0.0000000000000000e+00 -7.3733565250132296e+00 0.0000000000000000e+00
0.0000000000000000e+00 -7.3435262837744641e+00 0.0000000000000000e+00
0.0000000000000000e+00 -7.3272080934245691e+00 0.0000000000000000e+00
0.0000000000000000e+00 -7.3440155199127330e+00 0.0000000000000000e+00
0.0000000000000000e+00 -7.3646616424938491e+00 0.0000000000000000e+00
0.0000000000000000e+00 -7.3701163638884619e+00 0.0000000000000000e+00
0.0000000000000000e+00 -7.3662247017225821e+00 0.0000000000000000e+00
0.0000000000000000e+00 -7.3649713542979001e+00 0.0000000000000000e+00
0.0000000000000000e+00 -7.3709333455272876e+00 0.0000000000000000e+00
0.0000000000000000e+00 -7.3790356324501900e+00 0.0000000000000000e+00
0.0000000000000000e+00 -7.3833260795236830e+00 0.0000000000000000e+00
0.0000000000000000e+00 -7.3837991286850855e+00 0.0000000000000000e+00
0.0000000000000000e+00 -7.3848141331765724e+00 0.0000000000000000e+00
0.0000000000000000e+00 -7.3839118060782765e+00 0.0000000000000000e+00
0.0000000000000000e+00 -7.3864902734223374e+00 0.0000000000000000e+00
0.0000000000000000e+00 -7.3871187035754993e+00 0.0000000000000000e+00
0.0000000000000000e+00 -7.3866472121520124e+00 0.0000000000000000e+00
0.0000000000000000e+00 -7.3853665578970391e+00 0.0000000000000000e+00
0.0000000000000000e+00 -7.3833068612097428e+00 0.0000000000000000e+00
0.0000000000000000e+00 -7.3803289530185276e+00 0.0000000000000000e+00
0.0000000000000000e+00 -7.3764155749727154e+00 0.0000000000000000e+00
0.0000000000000000e+00 -7.3720304395489435e+00 0.0000000000000000e+00
0.0000000000000000e+00 -7.3671734688588613e+00 0.0000000000000000e+00
0.0000000000000000e+00 -7.3623996073633071e+00 0.0000000000000000e+00
0.0000000000000000e+00 -6.7458786813198826e+00 0.0000000000000000e+00
0.0000000000000000e+00 -1.2276090246077690e+01 0.0000000000000000e+00
0.0000000000000000e+00 -1.2359108168162981e+01 0.0000000000000000e+00
0.0000000000000000e+00 -7.1238240212332720e+00 0.0000000000000000e+00
0.0000000000000000e+00 -7.8506248501919016e+00 0.0000000000000000e+00
0.0000000000000000e+00 -7.7483749451797541e+00 0.0000000000000000e+00
0.0000000000000000e+00 -7.2192165939514910e+00 0.0000000000000000e+00
0.0000000000000000e+00 -7.1064771419984751e+00 0.0000000000000000e+00
0.0000000000000000e+00 -7.4076969815983196e+00 0.0000000000000000e+00
0.0000000000000000e+00 -7.5600230919502298e+00 0.0000000000000000e+00
0.0000000000000000e+00 -7.4226913101227474e+00 0.0000000000000000e+00
0.0000000000000000e+00 -7.2968431554345417e+00 0.0000000000000000e+00
0.0000000000000000e+00 -7.3414606506256881e+00 0.0000000000000000e+00
0.0000000000000000e+00 -7.4354741307686103e+00 0.0000000000000000e+00
0.0000000000000000e+00 -7.4430970155047644e+00 0.0000000000000000e+00
0.0000000000000000e+00 -7.3938103322066953e+00 0.0000000000000000e+00
0.0000000000000000e+00 -7.3919479501966050e+00 0.0000000000000000e+00
0.0000000000000000e+00 -7.4331395041989321e+00 0.0000000000000000e+00
0.0000000000000000e+00 -7.4722650149044796e+00 0.0000000000000000e+00
0.0000000000000000e+00 -7.4948743286803081e+00 0.0000000000000000e+00
0.0000000000000000e+00 -7.4985876831808493e+00 0.0000000000000000e+00
0.0000000000000000e+00 -7.5097971737535616e+00 0.0000000000000000e+00
0.0000000000000000e+00 -7.5277413971312521e+00 0.0000000000000000e+00
0.0000000000000000e+00 -7.5483268204438954e+00 0.0000000000000000e+00
0.0000000000000000e+00 -7.5617745665097429e+00 0.0000000000000000e+00
0.0000000000000000e+00 -7.5693546048593481e+00 0.0000000000000000e+00
0.0000000000000000e+00 -7.5764718652399479e+00 0.0000000000000000e+00
0.0000000000000000e+00 -7.5868119315691542e+00 0.0000000000000000e+00
0.0000000000000000e+00 -7.5967369188117750e+00 0.0000000000000000e+00
0.0000000000000000e+00 -7.6036764267153147e+00 0.0000000000000000e+00
0.0000000000000000e+00 -7.6088276849585270e+00 0.0000000000000000e+00
0.0000000000000000e+00 -7.6141114207574381e+00 0.0000000000000000e+00
0.0000000000000000e+00 -7.6192972000998882e+00 0.0000000000000000e+00
0.0000000000000000e+00 -7.6234694611764322e+00 0.0000000000000000e+00
0.0000000000000000e+00 -7.6261352482506206e+00 0.0000000000000000e+00
0.0000000000000000e+00 -7.6287189778139259e+00 0.0000000000000000e+00
0.0000000000000000e+00 -7.6313666996757616e+00 0.0000000000000000e+00
0.0000000000000000e+00 -7.6341537648882767e+00 0.0000000000000000e+00
0.0000000000000000e+00 -7.1283393886329431e+00 0.0000000000000000e+00
0.0000000000000000e+00 -1.1474648751423919e+01 0.0000000000000000e+00
0.0000000000000000e+00 -1.1572072971456910e+01 0.0000000000000000e+00
0.0000000000000000e+00 -7.3987862126258923e+00 0.0000000000000000e+00
0.0000000000000000e+00 -8.0382777958364766e+00 0.0000000000000000e+00
0.0000000000000000e+00 -7.9942834763062445e+00 0.0000000000000000e+00
0.0000000000000000e+00 -7.5258201082782259e+00 0.0000000000000000e+00
0.0000000000000000e+00 -7.3858092608000705e+00 0.0000000000000000e+00
0.0000000000000000e+00 -7.6314468464979459e+00 0.0000000000000000e+00
0.0000000000000000e+00 -7.7724351072543163e+00 0.0000000000000000e+00
0.0000000000000000e+00 -7.6531365251882901e+00 0.0000000000000000e+00
0.0000000000000000e+00 -7.5261206882590805e+00 0.0000000000000000e+00
0.0000000000000000e+00 -7.5435408830734723e+00 0.0000000000000000e+00
0.0000000000000000e+00 -7.6194243639339101e+00 0.0000000000000000e+00
0.0000000000000000e+00 -7.6213321469256003e+00 0.0000000000000000e+00
0.0000000000000000e+00 -7.5725955269680743e+00 0.0000000000000000e+00
0.0000000000000000e+00 -7.5454880817345700e+00 0.0000000000000000e+00
0.0000000000000000e+00 -7.5535972364554871e+00 0.0000000000000000e+00
0.0000000000000000e+00 -7.5653701989669129e+00 0.0000000000000000e+00
0.0000000000000000e+00 -7.5593072860354988e+00 0.0000000000000000e+00
0.0000000000000000e+00 -7.5436279599221914e+00 0.0000000000000000e+00
0.0000000000000000e+00 -7.5319924668076608e+00 0.0000000000000000e+00
0.0000000000000000e+00 -7.5286209439718101e+00 0.0000000000000000e+00
0.0000000000000000e+00 -7.5269645108235714e+00 0.0000000000000000e+00
0.0000000000000000e+00 -7.5211060292625289e+00 0.0000000000000000e+00
0.0000000000000000e+00 -7.5117680829347897e+00 0.0000000000000000e+00
0.0000000000000000e+00 -7.5040007206512245e+00 0.0000000000000000e+00
0.0000000000000000e+00 -7.4989827964979066e+00 0.0000000000000000e+00
0.0000000000000000e+00 -7.4943975814443586e+00 0.0000000000000000e+00
0.0000000000000000e+00 -7.4878169325075392e+00 0.0000000000000000e+00
0.0000000000000000e+00 -7.4806612856273089e+00 0.0000000000000000e+00
0.0000000000000000e+00 -7.4741313335843085e+00 0.0000000000000000e+00
0.0000000000000000e+00 -7.4685916343460041e+00 0.0000000000000000e+00
0.0000000000000000e+00 -7.4627839173271742e+00 0.0000000000000000e+00
0.0000000000000000e+00 -7.4567847121680284e+00 0.0000000000000000e+00
0.0000000000000000e+00 -7.4505380633160847e+00 0.0000000000000000e+00
0.0000000000000000e+00 -7.4420491331696335e+00 0.0000000000000000e+00
0.0000000000000000e+00 -7.4359503811233303e+00 0.0000000000000000e+00
0.0000000000000000e+00 -6.6239584767064112e+00 0.0000000000000000e+00
0.0000000000000000e+00 -1.4666154145282961e+01 0.0000000000000000e+00
0.0000000000000000e+00 -1.4641399879119582e+01 0.0000000000000000e+00
0.0000000000000000e+00 -7.3182664214472952e+00 0.0000000000000000e+00
0.0000000000000000e+00 -8.0943943734254731e+00 0.0000000000000000e+00
0.0000000000000000e+00 -7.7831168766590331e+00 0.0000000000000000e+00
0.0000000000000000e+00 -7.1436440139802810e+00 0.0000000000000000e+00
0.0000000000000000e+00 -7.1120290290153729e+00 0.0000000000000000e+00
0.0000000000000000e+00 -7.4609261211208260e+00 0.0000000000000000e+00
0.0000000000000000e+00 -7.6650842128276020e+00 0.0000000000000000e+00
0.0000000000000000e+00 -7.5740702551050516e+00 0.0000000000000000e+00
0.0000000000000000e+00 -7.5405135781351094e+00 0.0000000000000000e+00
0.0000000000000000e+00 -7.7116701255905875e+00 0.0000000000000000e+00
0.0000000000000000e+00 -7.9256749935712980e+00 0.0000000000000000e+00
0.0000000000000000e+00 -8.0294259399569707e+00 0.0000000000000000e+00
0.0000000000000000e+00 -8.0695289411334077e+00 0.0000000000000000e+00
0.0000000000000000e+00 -8.1404160259524101e+00 0.0000000000000000e+00
0.0000000000000000e+00 -8.2578179771017233e+00 0.0000000000000000e+00
0.0000000000000000e+00 -8.3749379175320975e+00 0.0000000000000000e+00
0.0000000000000000e+00 -8.4586566752892409e+00 0.0000000000000000e+00
0.0000000000000000e+00 -8.5191506495136728e+00 0.0000000000000000e+00
0.0000000000000000e+00 -8.5781169394498118e+00 0.0000000000000000e+00
0.0000000000000000e+00 -8.6453674859709455e+00 0.0000000000000000e+00
0.0000000000000000e+00 -8.7101749302778781e+00 0.0000000000000000e+00
0.0000000000000000e+00 -8.7639230895637557e+00 0.0000000000000000e+00
0.0000000000000000e+00 -8.8090844498495606e+00 0.0000000000000000e+00
0.0000000000000000e+00 -8.8580089853377597e+00 0.0000000000000000e+00
0.0000000000000000e+00 -8.9108310681503813e+00 0.0000000000000000e+00
0.0000000000000000e+00 -8.9626227354782788e+00 0.0000000000000000e+00
0.0000000000000000e+00 -9.0068070355337522e+00 0.0000000000000000e+00
0.0000000000000000e+00 -9.0470494018771710e+00 0.0000000000000000e+00
0.0000000000000000e+00 -9.0848872718352869e+00 0.0000000000000000e+00
0.0000000000000000e+00 -9.1228733471138383e+00 0.0000000000000000e+00
0.0000000000000000e+00 -9.1574659297230276e+00 0.0000000000000000e+00
0.0000000000000000e+00 -9.1904247572858591e+00 0.0000000000000000e+00
0.0000000000000000e+00 -9.2203672614272278e+00 0.0000000000000000e+00
0.0000000000000000e+00 -9.2501224892448075e+00 0.0000000000000000e+00
0.0000000000000000e+00 -9.2774670822302117e+00 0.0000000000000000e+00
0.0000000000000000e+00 -9.3042951290370262e+00 0.0000000000000000e+00
0.0000000000000000e+00 -9.3193701246915222e+00 0.0000000000000000e+00
0.0000000000000000e+00 -9.3414956907530389e+00 0.0000000000000000e+00
0.0000000000000000e+00 -9.3617699923875346e+00 0.0000000000000000e+00
0.0000000000000000e+00 -9.3834126812594185e+00 0.0000000000000000e+00
0.0000000000000000e+00 -8.8088501231106680e+00 0.0000000000000000e+00
0.0000000000000000e+00 -1.4783100079080299e+01 0.0000000000000000e+00
0.0000000000000000e+00 -8.8502262891987904e+00 0.0000000000000000e+00
0.0000000000000000e+00 -9.4881647660888540e+00 0.0000000000000000e+00
0.0000000000000000e+00 -9.9692797823722668e+00 0.0000000000000000e+00
0.0000000000000000e+00 -9.6497784459455413e+00 0.0000000000000000e+00
0.0000000000000000e+00 -9.2326433364138598e+00 0.0000000000000000e+00
0.0000000000000000e+00 -9.3162773458732140e+00 0.0000000000000000e+00
0.0000000000000000e+00 -9.6089927190971789e+00 0.0000000000000000e+00
0.0000000000000000e+00 -9.6393644796690143e+00 0.0000000000000000e+00
0.0000000000000000e+00 -9.4803509148601428e+00 0.0000000000000000e+00
0.0000000000000000e+00 -9.4214515473486617e+00 0.0000000000000000e+00
0.0000000000000000e+00 -9.5004310420917779e+00 0.0000000000000000e+00
0.0000000000000000e+00 -9.5645780243622998e+00 0.0000000000000000e+00
0.0000000000000000e+00 -9.5432106295023189e+00 0.0000000000000000e+00
0.0000000000000000e+00 -9.5075329637828538e+00 0.0000000000000000e+00
0.0000000000000000e+00 -9.5065692489059632e+00 0.0000000000000000e+00
0.0000000000000000e+00 -9.5301474565203961e+00 0.0000000000000000e+00
0.0000000000000000e+00 -9.5419503418748750e+00 0.0000000000000000e+00
0.0000000000000000e+00 -9.5397802956337880e+00 0.0000000000000000e+00
0.0000000000000000e+00 -9.5321030881665418e+00 0.0000000000000000e+00
0.0000000000000000e+00 -9.5325411390003332e+00 0.0000000000000000e+00
0.0000000000000000e+00 -9.5376787446091669e+00 0.0000000000000000e+00
0.0000000000000000e+00 -9.5424316986860678e+00 0.0000000000000000e+00
0.0000000000000000e+00 -9.5403756440796652e+00 0.0000000000000000e+00
0.0000000000000000e+00 -9.5377199398735169e+00 0.0000000000000000e+00
0.0000000000000000e+00 -9.5374964016868908e+00 0.0000000000000000e+00
0.0000000000000000e+00 -9.5393433619687436e+00 0.0000000000000000e+00
0.0000000000000000e+00 -9.5392257139481202e+00 0.0000000000000000e+00
0.0000000000000000e+00 -9.5367434080040603e+00 0.0000000000000000e+00
0.0000000000000000e+00 -9.5267374002525766e+00 0.0000000000000000e+00
0.0000000000000000e+00 -9.5233417643848277e+00 0.0000000000000000e+00
0.0000000000000000e+00 -9.5205350842952345e+00 0.0000000000000000e+00
0.0000000000000000e+00 -9.5181133831486040e+00 0.0000000000000000e+00
0.0000000000000000e+00 -9.5148525352233460e+00 0.0000000000000000e+00
0.0000000000000000e+00 -9.5106156318105803e+00 0.0000000000000000e+00
0.0000000000000000e+00 -9.5060423736515496e+00 0.0000000000000000e+00
0.0000000000000000e+00 -9.4973715831081780e+00 0.0000000000000000e+00
0.0000000000000000e+00 -9.4928947766512159e+00 0.0000000000000000e+00
0.0000000000000000e+00 -9.4877194290206521e+00 0.0000000000000000e+00
0.0000000000000000e+00 -9.4812830302020288e+00 0.0000000000000000e+00
0.0000000000000000e+00 -9.4743275659487463e+00 0.0000000000000000e+00
0.0000000000000000e+00 -9.4675600482464795e+00 0.0000000000000000e+00
0.0000000000000000e+00 -9.4606060813325819e+00 0.0000000000000000e+00
0.0000000000000000e+00 -9.4518555336715409e+00 0.0000000000000000e+00
0.0000000000000000e+00 -9.4422075732738016e+00 0.0000000000000000e+00
0.0000000000000000e+00 -9.4324298736563481e+00 0.0000000000000000e+00
0.0000000000000000e+00 -8.9126046157248489e+00 0.0000000000000000e+00
0.0000000000000000e+00 -1.3128583681531923e+01 0.0000000000000000e+00
0.0000000000000000e+00 -1.3225589683615148e+01 0.0000000000000000e+00
0.0000000000000000e+00 -9.1239981805699202e+00 0.0000000000000000e+00
0.0000000000000000e+00 -9.7828263858916156e+00 0.0000000000000000e+00
0.0000000000000000e+00 -9.7455279029606761e+00 0.0000000000000000e+00
0.0000000000000000e+00 -9.2441951350031388e+00 0.0000000000000000e+00
0.0000000000000000e+00 -9.0697482194979937e+00 0.0000000000000000e+00
0.0000000000000000e+00 -9.3240486539074521e+00 0.0000000000000000e+00
0.0000000000000000e+00 -9.4873775400815976e+00 0.0000000000000000e+00
0.0000000000000000e+00 -9.3710343003777279e+00 0.0000000000000000e+00
0.0000000000000000e+00 -9.2320183252739572e+00 0.0000000000000000e+00
0.0000000000000000e+00 -9.2511814961860761e+00 0.0000000000000000e+00
0.0000000000000000e+00 -9.3358606203197638e+00 0.0000000000000000e+00
0.0000000000000000e+00 -9.3433141571335323e+00 0.0000000000000000e+00
0.0000000000000000e+00 -9.2919447794581078e+00 0.0000000000000000e+00
0.0000000000000000e+00 -9.2609813648331745e+00 0.0000000000000000e+00
0.0000000000000000e+00 -9.2699560836809596e+00 0.0000000000000000e+00
0.0000000000000000e+00 -9.3203289814203067e+00 0.0000000000000000e+00
0.0000000000000000e+00 -9.3450752664541810e+00 0.0000000000000000e+00
0.0000000000000000e+00 -9.3452963089723315e+00 0.0000000000000000e+00
0.0000000000000000e+00 -9.3605929225030007e+00 0.0000000000000000e+00
0.0000000000000000e+00 -9.3852468294316598e+00 0.0000000000000000e+00
0.0000000000000000e+00 -9.4109594942310846e+00 0.0000000000000000e+00
0.0000000000000000e+00 -9.4260712983162964e+00 0.0000000000000000e+00
0.0000000000000000e+00 -9.4361387845189757e+00 0.0000000000000000e+00
0.0000000000000000e+00 -9.4449618709150212e+00 0.0000000000000000e+00
0.0000000000000000e+00 -9.4585437370719205e+00 0.0000000000000000e+00
0.0000000000000000e+00 -9.4681829442732557e+00 0.0000000000000000e+00
0.0000000000000000e+00 -9.4752162605122283e+00 0.0000000000000000e+00
0.0000000000000000e+00 -9.4766622944257204e+00 0.0000000000000000e+00
0.0000000000000000e+00 -9.4793179982414699e+00 0.0000000000000000e+00
0.0000000000000000e+00 -9.4792055217101385e+00 0.0000000000000000e+00
0.0000000000000000e+00 -9.4780354831999354e+00 0.0000000000000000e+00
0.0000000000000000e+00 -9.4727966549547080e+00 0.0000000000000000e+00
0.0000000000000000e+00 -9.4670531178408286e+00 0.0000000000000000e+00
0.0000000000000000e+00 -9.4587978233752210e+00 0.0000000000000000e+00
0.0000000000000000e+00 -9.4502570792848193e+00 0.0000000000000000e+00
0.0000000000000000e+00 -9.4315795780167395e+00 0.0000000000000000e+00
0.0000000000000000e+00 -9.4201390301237549e+00 0.0000000000000000e+00
0.0000000000000000e+00 -9.4064737643534855e+00 0.0000000000000000e+00
0.0000000000000000e+00 -9.3949406339232517e+00 0.0000000000000000e+00
0.0000000000000000e+00 -9.3815966791344820e+00 0.0000000000000000e+00
0.0000000000000000e+00 -9.3681791575162006e+00 0.0000000000000000e+00
0.0000000000000000e+00 -9.3536613985173709e+00 0.0000000000000000e+00
0.0000000000000000e+00 -9.3403152597991923e+00 0.0000000000000000e+00
0.0000000000000000e+00 -9.3262177170983893e+00 0.0000000000000000e+00
0.0000000000000000e+00 -9.3122639801743272e+00 0.0000000000000000e+00
0.0000000000000000e+00 -9.2970735821901069e+00 0.0000000000000000e+00
0.0000000000000000e+00 -8.5657629989257185e+00 0.0000000000000000e+00
0.0000000000000000e+00 -1.4953896841749708e+01 0.0000000000000000e+00
0.0000000000000000e+00 -1.5044852054040962e+01 0.0000000000000000e+00
0.0000000000000000e+00 -8.9687239931598199e+00 0.0000000000000000e+00
0.0000000000000000e+00 -9.8240050789520801e+00 0.0000000000000000e+00
0.0000000000000000e+00 -9.6965712710651157e+00 0.0000000000000000e+00
0.0000000000000000e+00 -9.0252860355901738e+00 0.0000000000000000e+00
0.0000000000000000e+00 -8.8450781310255469e+00 0.0000000000000000e+00
0.0000000000000000e+00 -9.1861945929118267e+00 0.0000000000000000e+00
0.0000000000000000e+00 -9.3561831223443210e+00 0.0000000000000000e+00
0.0000000000000000e+00 -9.1707039678227478e+00 0.0000000000000000e+00
0.0000000000000000e+00 -8.9861313404886509e+00 0.0000000000000000e+00
0.0000000000000000e+00 -9.0122524522782399e+00 0.0000000000000000e+00
0.0000000000000000e+00 -9.1062427512400532e+00 0.0000000000000000e+00
0.0000000000000000e+00 -9.0942225006405621e+00 0.0000000000000000e+00
0.0000000000000000e+00 -9.0132660123127852e+00 0.0000000000000000e+00
0.0000000000000000e+00 -8.9645795152414660e+00 0.0000000000000000e+00
0.0000000000000000e+00 -8.9674176448664227e+00 0.0000000000000000e+00
0.0000000000000000e+00 -8.9744358353418416e+00 0.0000000000000000e+00
0.0000000000000000e+00 -8.9536825678682881e+00 0.0000000000000000e+00
0.0000000000000000e+00 -8.9178802520407388e+00 0.0000000000000000e+00
0.0000000000000000e+00 -8.8899815245556884e+00 0.0000000000000000e+00
0.0000000000000000e+00 -8.8766518097807712e+00 0.0000000000000000e+00
0.0000000000000000e+00 -8.8657063567407342e+00 0.0000000000000000e+00
0.0000000000000000e+00 -8.8460751578289774e+00 0.0000000000000000e+00
0.0000000000000000e+00 -8.8207487279993817e+00 0.0000000000000000e+00
0.0000000000000000e+00 -8.7988513004074012e+00 0.0000000000000000e+00
0.0000000000000000e+00 -8.7827483035401972e+00 0.0000000000000000e+00
0.0000000000000000e+00 -8.7634987711609789e+00 0.0000000000000000e+00
0.0000000000000000e+00 -8.7432024601612728e+00 0.0000000000000000e+00
0.0000000000000000e+00 -8.7219475869166363e+00 0.0000000000000000e+00
0.0000000000000000e+00 -8.7034198892160255e+00 0.0000000000000000e+00
0.0000000000000000e+00 -8.6867483813228628e+00 0.0000000000000000e+00
0.0000000000000000e+00 -8.6694229713423017e+00 0.0000000000000000e+00
0.0000000000000000e+00 -8.6509341122412771e+00 0.0000000000000000e+00
0.0000000000000000e+00 -8.6326697728583337e+00 0.0000000000000000e+00
0.0000000000000000e+00 -8.6154703578984577e+00 0.0000000000000000e+00
0.0000000000000000e+00 -8.5988637727064123e+00 0.0000000000000000e+00
0.0000000000000000e+00 -8.5820309401062449e+00 0.0000000000000000e+00
0.0000000000000000e+00 -8.5649086980343370e+00 0.0000000000000000e+00
0.0000000000000000e+00 -8.5482137901960211e+00 0.0000000000000000e+00
0.0000000000000000e+00 -8.5323851739484589e+00 0.0000000000000000e+00
0.0000000000000000e+00 -8.5170615175647733e+00 0.0000000000000000e+00
0.0000000000000000e+00 -8.5016641833480158e+00 0.0000000000000000e+00
0.0000000000000000e+00 -8.4862109765809421e+00 0.0000000000000000e+00
0.0000000000000000e+00 -8.4712381948442168e+00 0.0000000000000000e+00
0.0000000000000000e+00 -8.4498350036211622e+00 0.0000000000000000e+00
0.0000000000000000e+00 -8.4348033569473824e+00 0.0000000000000000e+00
0.0000000000000000e+00 -8.2081916113706992e+00 0.0000000000000000e+00
0.0000000000000000e+00 -1.0065162770818278e+01 0.0000000000000000e+00
0.0000000000000000e+00 -8.2217555960249342e+00 0.0000000000000000e+00
0.0000000000000000e+00 -8.3965802237992797e+00 0.0000000000000000e+00
0.0000000000000000e+00 -8.5284377147618837e+00 0.0000000000000000e+00
0.0000000000000000e+00 -8.4156391270810964e+00 0.0000000000000000e+00
0.0000000000000000e+00 -8.2727494227885146e+00 0.0000000000000000e+00
0.0000000000000000e+00 -8.2846785576892064e+00 0.0000000000000000e+00
0.0000000000000000e+00 -8.3625466866696794e+00 0.0000000000000000e+00
0.0000000000000000e+00 -8.3600509267751040e+00 0.0000000000000000e+00
0.0000000000000000e+00 -8.2985823836856785e+00 0.0000000000000000e+00
0.0000000000000000e+00 -8.2680267374727361e+00 0.0000000000000000e+00
0.0000000000000000e+00 -8.2814522892255855e+00 0.0000000000000000e+00
0.0000000000000000e+00 -8.2939016651679012e+00 0.0000000000000000e+00
0.0000000000000000e+00 -8.2828404967350231e+00 0.0000000000000000e+00
0.0000000000000000e+00 -8.2657128389217345e+00 0.0000000000000000e+00
0.0000000000000000e+00 -8.2515488149282170e+00 0.0000000000000000e+00
0.0000000000000000e+00 -8.2539636475753273e+00 0.0000000000000000e+00
0.0000000000000000e+00 -8.2541214892208075e+00 0.0000000000000000e+00
0.0000000000000000e+00 -8.2499692733992767e+00 0.0000000000000000e+00
0.0000000000000000e+00 -8.2444799693104240e+00 0.0000000000000000e+00
0.0000000000000000e+00 -8.2412929357305256e+00 0.0000000000000000e+00
0.0000000000000000e+00 -8.2407217886566553e+00 0.0000000000000000e+00
0.0000000000000000e+00 -8.2403583480545350e+00 0.0000000000000000e+00
0.0000000000000000e+00 -8.2380376994968394e+00 0.0000000000000000e+00
0.0000000000000000e+00 -8.2347732517606076e+00 0.0000000000000000e+00
0.0000000000000000e+00 -8.2323544081711457e+00 0.0000000000000000e+00
0.0000000000000000e+00 -8.2309953063006116e+00 0.0000000000000000e+00
0.0000000000000000e+00 -8.2292095278776447e+00 0.0000000000000000e+00
0.0000000000000000e+00 -8.2265767645871026e+00 0.0000000000000000e+00
0.0000000000000000e+00 -8.2155356698059183e+00 0.0000000000000000e+00
0.0000000000000000e+00 -8.2127039679950400e+00 0.0000000000000000e+00
0.0000000000000000e+00 -8.2113440186009523e+00 0.0000000000000000e+00
0.0000000000000000e+00 -8.2113389487600905e+00 0.0000000000000000e+00
0.0000000000000000e+00 -8.2110273118497918e+00 0.0000000000000000e+00
0.0000000000000000e+00 -8.2102777937039484e+00 0.0000000000000000e+00
0.0000000000000000e+00 -8.2096820660034222e+00 0.0000000000000000e+00
0.0000000000000000e+00 -8.2094526638980145e+00 0.0000000000000000e+00
0.0000000000000000e+00 -8.2084898484123983e+00 0.0000000000000000e+00
0.0000000000000000e+00 -8.2024442921683463e+00 0.0000000000000000e+00
0.0000000000000000e+00 -8.2000473767014839e+00 0.0000000000000000e+00
0.0000000000000000e+00 -8.1990402418688113e+00 0.0000000000000000e+00
0.0000000000000000e+00 -8.1992012934857783e+00 0.0000000000000000e+00
0.0000000000000000e+00 -8.1991105879293347e+00 0.0000000000000000e+00
0.0000000000000000e+00 -8.1980690325187329e+00 0.0000000000000000e+00
0.0000000000000000e+00 -7.7647145651751091e+00 0.0000000000000000e+00
0.0000000000000000e+00 -1.1336967221240773e+01 0.0000000000000000e+00
0.0000000000000000e+00 -1.1419835468760244e+01 0.0000000000000000e+00
0.0000000000000000e+00 -7.9665316639998940e+00 0.0000000000000000e+00
0.0000000000000000e+00 -8.5368369739144043e+00 0.0000000000000000e+00
0.0000000000000000e+00 -8.5250493875211131e+00 0.0000000000000000e+00
0.0000000000000000e+00 -8.1050418878859158e+00 0.0000000000000000e+00
0.0000000000000000e+00 -7.9611572194697198e+00 0.0000000000000000e+00
0.0000000000000000e+00 -8.1795224914328521e+00 0.0000000000000000e+00
0.0000000000000000e+00 -8.3241573987615816e+00 0.0000000000000000e+00
0.0000000000000000e+00 -8.2260441043249202e+00 0.0000000000000000e+00
0.0000000000000000e+00 -8.1010977264404609e+00 0.0000000000000000e+00
0.0000000000000000e+00 -8.1173683827952789e+00 0.0000000000000000e+00
0.0000000000000000e+00 -8.1938452190972395e+00 0.0000000000000000e+00
0.0000000000000000e+00 -8.2043647982050558e+00 0.0000000000000000e+00
0.0000000000000000e+00 -8.1610229435185797e+00 0.0000000000000000e+00
0.0000000000000000e+00 -8.1348680440502186e+00 0.0000000000000000e+00
0.0000000000000000e+00 -8.1454005897872577e+00 0.0000000000000000e+00
0.0000000000000000e+00 -8.1617345123462659e+00 0.0000000000000000e+00
0.0000000000000000e+00 -8.1587416927074887e+00 0.0000000000000000e+00
0.0000000000000000e+00 -8.1438922032860255e+00 0.0000000000000000e+00
0.0000000000000000e+00 -8.1337488628121566e+00 0.0000000000000000e+00
0.0000000000000000e+00 -8.1336052837422361e+00 0.0000000000000000e+00
0.0000000000000000e+00 -8.1358491587955744e+00 0.0000000000000000e+00
0.0000000000000000e+00 -8.1326900969740681e+00 0.0000000000000000e+00
0.0000000000000000e+00 -8.1252719667043536e+00 0.0000000000000000e+00
0.0000000000000000e+00 -8.1152498584215689e+00 0.0000000000000000e+00
0.0000000000000000e+00 -8.1119580801324105e+00 0.0000000000000000e+00
0.0000000000000000e+00 -8.1089080706801813e+00 0.0000000000000000e+00
0.0000000000000000e+00 -8.1039265943052197e+00 0.0000000000000000e+00
0.0000000000000000e+00 -8.0921016253278708e+00 0.0000000000000000e+00
0.0000000000000000e+00 -8.0864650048104512e+00 0.0000000000000000e+00
0.0000000000000000e+00 -8.0824802411077474e+00 0.0000000000000000e+00
0.0000000000000000e+00 -8.0788445670778604e+00 0.0000000000000000e+00
0.0000000000000000e+00 -8.0737428440890522e+00 0.0000000000000000e+00
0.0000000000000000e+00 -8.0677619206030204e+00 0.0000000000000000e+00
0.0000000000000000e+00 -8.0624666740067710e+00 0.0000000000000000e+00
0.0000000000000000e+00 -8.0579141591671952e+00 0.0000000000000000e+00
0.0000000000000000e+00 -8.0528060067227365e+00 0.0000000000000000e+00
0.0000000000000000e+00 -8.0466578181261053e+00 0.0000000000000000e+00
0.0000000000000000e+00 -8.0404305858569334e+00 0.0000000000000000e+00
0.0000000000000000e+00 -8.0349873929613587e+00 0.0000000000000000e+00
0.0000000000000000e+00 -8.0298195047445216e+00 0.0000000000000000e+00
0.0000000000000000e+00 -8.0181539312118577e+00 0.0000000000000000e+00
0.0000000000000000e+00 -8.0115778569184890e+00 0.0000000000000000e+00
0.0000000000000000e+00 -8.0056231451848916e+00 0.0000000000000000e+00
0.0000000000000000e+00 -7.9993641200394530e+00 0.0000000000000000e+00
0.0000000000000000e+00 -7.4623395024240891e+00 0.0000000000000000e+00
0.0000000000000000e+00 -1.2051806061912046e+01 0.0000000000000000e+00
0.0000000000000000e+00 -1.2126067553493838e+01 0.0000000000000000e+00
0.0000000000000000e+00 -7.7354093747090289e+00 0.0000000000000000e+00
0.0000000000000000e+00 -8.4016049904224506e+00 0.0000000000000000e+00
0.0000000000000000e+00 -8.3434827771049740e+00 0.0000000000000000e+00
0.0000000000000000e+00 -7.8290376279306226e+00 0.0000000000000000e+00
0.0000000000000000e+00 -7.6774980416654284e+00 0.0000000000000000e+00
0.0000000000000000e+00 -7.9478658917264742e+00 0.0000000000000000e+00
0.0000000000000000e+00 -8.1067385924760362e+00 0.0000000000000000e+00
0.0000000000000000e+00 -7.9783102956070229e+00 0.0000000000000000e+00
0.0000000000000000e+00 -7.8350306675116643e+00 0.0000000000000000e+00
0.0000000000000000e+00 -7.8588999343340049e+00 0.0000000000000000e+00
0.0000000000000000e+00 -7.9466777556510273e+00 0.0000000000000000e+00
0.0000000000000000e+00 -7.9524205386310252e+00 0.0000000000000000e+00
0.0000000000000000e+00 -7.8977830190599718e+00 0.0000000000000000e+00
0.0000000000000000e+00 -7.8671710583934367e+00 0.0000000000000000e+00
0.0000000000000000e+00 -7.8801568087969329e+00 0.0000000000000000e+00
0.0000000000000000e+00 -7.8981260973246128e+00 0.0000000000000000e+00
0.0000000000000000e+00 -7.8928106798581288e+00 0.0000000000000000e+00
0.0000000000000000e+00 -7.8741042692821352e+00 0.0000000000000000e+00
0.0000000000000000e+00 -7.8619066812868548e+00 0.0000000000000000e+00
0.0000000000000000e+00 -7.8619165477560573e+00 0.0000000000000000e+00
0.0000000000000000e+00 -7.8640685626426645e+00 0.0000000000000000e+00
0.0000000000000000e+00 -7.8505259453459999e+00 0.0000000000000000e+00
0.0000000000000000e+00 -7.8387245843872542e+00 0.0000000000000000e+00
0.0000000000000000e+00 -7.8302964597312563e+00 0.0000000000000000e+00
0.0000000000000000e+00 -7.8281302795334380e+00 0.0000000000000000e+00
0.0000000000000000e+00 -7.8256595460818525e+00 0.0000000000000000e+00
0.0000000000000000e+00 -7.8192847995214496e+00 0.0000000000000000e+00
0.0000000000000000e+00 -7.8116304597988719e+00 0.0000000000000000e+00
0.0000000000000000e+00 -7.8060796936444010e+00 0.0000000000000000e+00
0.0000000000000000e+00 -7.8020926491683538e+00 0.0000000000000000e+00
0.0000000000000000e+00 -7.7971092939939872e+00 0.0000000000000000e+00
0.0000000000000000e+00 -7.7905016878759410e+00 0.0000000000000000e+00
0.0000000000000000e+00 -7.7837234757810565e+00 0.0000000000000000e+00
0.0000000000000000e+00 -7.7779497549750287e+00 0.0000000000000000e+00
0.0000000000000000e+00 -7.7726984899573095e+00 0.0000000000000000e+00
0.0000000000000000e+00 -7.7670118833167221e+00 0.0000000000000000e+00
0.0000000000000000e+00 -7.7607522811129623e+00 0.0000000000000000e+00
0.0000000000000000e+00 -7.7543648766124535e+00 0.0000000000000000e+00
0.0000000000000000e+00 -7.7481033898078495e+00 0.0000000000000000e+00
0.0000000000000000e+00 -7.7419241722151479e+00 0.0000000000000000e+00
0.0000000000000000e+00 -7.7356511048743455e+00 0.0000000000000000e+00
0.0000000000000000e+00 -7.7293056648402336e+00 0.0000000000000000e+00
0.0000000000000000e+00 -7.7232177950188303e+00 0.0000000000000000e+00
0.0000000000000000e+00 -7.7171893974362398e+00 0.0000000000000000e+00
0.0000000000000000e+00 -7.7107378740407588e+00 0.0000000000000000e+00
0.0000000000000000e+00 -7.4511270077146774e+00 0.0000000000000000e+00
0.0000000000000000e+00 -9.7311087797401328e+00 0.0000000000000000e+00
0.0000000000000000e+00 -7.4748514823151826e+00 0.0000000000000000e+00
0.0000000000000000e+00 -7.7023641839962842e+00 0.0000000000000000e+00
0.0000000000000000e+00 -7.8690824751160138e+00 0.0000000000000000e+00
0.0000000000000000e+00 -7.7339508132174659e+00 0.0000000000000000e+00
0.0000000000000000e+00 -7.5619140276821417e+00 0.0000000000000000e+00
0.0000000000000000e+00 -7.5853255832320601e+00 0.0000000000000000e+00
0.0000000000000000e+00 -7.6912749649868752e+00 0.0000000000000000e+00
0.0000000000000000e+00 -7.6947822033023217e+00 0.0000000000000000e+00
0.0000000000000000e+00 -7.6233214081382981e+00 0.0000000000000000e+00
0.0000000000000000e+00 -7.5906994825478407e+00 0.0000000000000000e+00
0.0000000000000000e+00 -7.6143312346913756e+00 0.0000000000000000e+00
0.0000000000000000e+00 -7.6320298688309354e+00 0.0000000000000000e+00
0.0000000000000000e+00 -7.6157326897283211e+00 0.0000000000000000e+00
0.0000000000000000e+00 -7.5926914337677029e+00 0.0000000000000000e+00
0.0000000000000000e+00 -7.5852129397792014e+00 0.0000000000000000e+00
0.0000000000000000e+00 -7.5837089763794303e+00 0.0000000000000000e+00
0.0000000000000000e+00 -7.6017926087207250e+00 0.0000000000000000e+00
0.0000000000000000e+00 -7.6182951693713328e+00 0.0000000000000000e+00
0.0000000000000000e+00 -7.6326590387289510e+00 0.0000000000000000e+00
0.0000000000000000e+00 -7.6530075709202094e+00 0.0000000000000000e+00
0.0000000000000000e+00 -7.6757145227827603e+00 0.0000000000000000e+00
0.0000000000000000e+00 -7.6988347346385533e+00 0.0000000000000000e+00
0.0000000000000000e+00 -7.7178822040265027e+00 0.0000000000000000e+00
0.0000000000000000e+00 -7.7361278062110568e+00 0.0000000000000000e+00
0.0000000000000000e+00 -7.7563517108144353e+00 0.0000000000000000e+00
0.0000000000000000e+00 -7.7777323393744053e+00 0.0000000000000000e+00
0.0000000000000000e+00 -7.7982127634666085e+00 0.0000000000000000e+00
0.0000000000000000e+00 -7.8148055598115675e+00 0.0000000000000000e+00
0.0000000000000000e+00 -7.8335582347803587e+00 0.0000000000000000e+00
0.0000000000000000e+00 -7.8532333691141707e+00 0.0000000000000000e+00
0.0000000000000000e+00 -7.8738321676971834e+00 0.0000000000000000e+00
0.0000000000000000e+00 -7.8944851501169646e+00 0.0000000000000000e+00
0.0000000000000000e+00 -7.9145560128446508e+00 0.0000000000000000e+00
0.0000000000000000e+00 -7.9343279312109933e+00 0.0000000000000000e+00
0.0000000000000000e+00 -7.9540267732407637e+00 0.0000000000000000e+00
0.0000000000000000e+00 -7.9738531884725923e+00 0.0000000000000000e+00
0.0000000000000000e+00 -7.9935957889015814e+00 0.0000000000000000e+00
0.0000000000000000e+00 -8.0072394707597265e+00 0.0000000000000000e+00
0.0000000000000000e+00 -8.0258658813854602e+00 0.0000000000000000e+00
0.0000000000000000e+00 -8.0451348129546663e+00 0.0000000000000000e+00
0.0000000000000000e+00 -8.0652294456463736e+00 0.0000000000000000e+00
0.0000000000000000e+00 -8.0853405027077834e+00 0.0000000000000000e+00
0.0000000000000000e+00 -8.1046089771593568e+00 0.0000000000000000e+00
0.0000000000000000e+00 -8.1236991274881163e+00 0.0000000000000000e+00
0.0000000000000000e+00 -8.1429922696080475e+00 0.0000000000000000e+00
0.0000000000000000e+00 -8.1629663511374861e+00 0.0000000000000000e+00
0.0000000000000000e+00 -8.1829912381724625e+00 0.0000000000000000e+00
0.0000000000000000e+00 -7.3699318986418989e+00 0.0000000000000000e+00
0.0000000000000000e+00 -1.5600955729469522e+01 0.0000000000000000e+00
0.0000000000000000e+00 -1.5587025377395369e+01 0.0000000000000000e+00
0.0000000000000000e+00 -8.0941888412785712e+00 0.0000000000000000e+00
0.0000000000000000e+00 -8.9832031902152050e+00 0.0000000000000000e+00
0.0000000000000000e+00 -8.7200790224437537e+00 0.0000000000000000e+00
0.0000000000000000e+00 -8.0183161020070699e+00 0.0000000000000000e+00
0.0000000000000000e+00 -7.9663015912081923e+00 0.0000000000000000e+00
0.0000000000000000e+00 -8.4147532505697296e+00 0.0000000000000000e+00
0.0000000000000000e+00 -8.5979756944143713e+00 0.0000000000000000e+00
0.0000000000000000e+00 -8.4076518370367577e+00 0.0000000000000000e+00
0.0000000000000000e+00 -8.2623701119299380e+00 0.0000000000000000e+00
0.0000000000000000e+00 -8.3559304980750984e+00 0.0000000000000000e+00
0.0000000000000000e+00 -8.5045298725631451e+00 0.0000000000000000e+00
0.0000000000000000e+00 -8.5289969447001646e+00 0.0000000000000000e+00
0.0000000000000000e+00 -8.4828629652528083e+00 0.0000000000000000e+00
0.0000000000000000e+00 -8.4783616792670511e+00 0.0000000000000000e+00
0.0000000000000000e+00 -8.5253880346217361e+00 0.0000000000000000e+00
0.0000000000000000e+00 -8.5822903612952341e+00 0.0000000000000000e+00
0.0000000000000000e+00 -8.6070156708248504e+00 0.0000000000000000e+00
0.0000000000000000e+00 -8.6158348712284809e+00 0.0000000000000000e+00
0.0000000000000000e+00 -8.6362519177625217e+00 0.0000000000000000e+00
0.0000000000000000e+00 -8.6756982143756769e+00 0.0000000000000000e+00
0.0000000000000000e+00 -8.7179396360115096e+00 0.0000000000000000e+00
0.0000000000000000e+00 -8.7490334459228176e+00 0.0000000000000000e+00
0.0000000000000000e+00 -8.7737776382801052e+00 0.0000000000000000e+00
0.0000000000000000e+00 -8.8042477751632813e+00 0.0000000000000000e+00
0.0000000000000000e+00 -8.8430711849604684e+00 0.0000000000000000e+00
0.0000000000000000e+00 -8.8818333879228391e+00 0.0000000000000000e+00
0.0000000000000000e+00 -8.9157896586421721e+00 0.0000000000000000e+00
0.0000000000000000e+00 -8.9444201833770585e+00 0.0000000000000000e+00
0.0000000000000000e+00 -8.9803354956940922e+00 0.0000000000000000e+00
0.0000000000000000e+00 -9.0196204662704815e+00 0.0000000000000000e+00
0.0000000000000000e+00 -9.0591680684491944e+00 0.0000000000000000e+00
0.0000000000000000e+00 -9.0972077292602069e+00 0.0000000000000000e+00
0.0000000000000000e+00 -9.1347203528524084e+00 0.0000000000000000e+00
0.0000000000000000e+00 -9.1732976043155308e+00 0.0000000000000000e+00
0.0000000000000000e+00 -9.2128417498414397e+00 0.0000000000000000e+00
0.0000000000000000e+00 -9.2522885760787386e+00 0.0000000000000000e+00
0.0000000000000000e+00 -9.2909987156664471e+00 0.0000000000000000e+00
0.0000000000000000e+00 -9.3293382950588590e+00 0.0000000000000000e+00
0.0000000000000000e+00 -9.3676318990222054e+00 0.0000000000000000e+00
0.0000000000000000e+00 -9.4057816285246130e+00 0.0000000000000000e+00
0.0000000000000000e+00 -9.4434998462571187e+00 0.0000000000000000e+00
0.0000000000000000e+00 -9.4806653041109374e+00 0.0000000000000000e+00
0.0000000000000000e+00 -9.5171289448611294e+00 0.0000000000000000e+00
0.0000000000000000e+00 -9.5532114617450823e+00 0.0000000000000000e+00
0.0000000000000000e+00 -9.5891223656624156e+00 0.0000000000000000e+00
0.0000000000000000e+00 -9.6248049254785055e+00 0.0000000000000000e+00
0.0000000000000000e+00 -9.6601333510038678e+00 0.0000000000000000e+00
0.0000000000000000e+00 -9.6947262480700882e+00 0.0000000000000000e+00
0.0000000000000000e+00 -9.7288166097393081e+00 0.0000000000000000e+00
0.0000000000000000e+00 -9.7586598523128334e+00 0.0000000000000000e+00
0.0000000000000000e+00 -9.7909351436819545e+00 0.0000000000000000e+00
0.0000000000000000e+00 -9.8225585842896272e+00 0.0000000000000000e+00
0.0000000000000000e+00 -9.8540250877234197e+00 0.0000000000000000e+00
0.0000000000000000e+00 -9.8846933971537219e+00 0.0000000000000000e+00
0.0000000000000000e+00 -9.9146854127939008e+00 0.0000000000000000e+00
0.0000000000000000e+00 -9.9436904652703397e+00 0.0000000000000000e+00
0.0000000000000000e+00 -9.9721917720348188e+00 0.0000000000000000e+00
0.0000000000000000e+00 -9.9994954014408979e+00 0.0000000000000000e+00
0.0000000000000000e+00 -1.0026126541863519e+01 0.0000000000000000e+00
0.0000000000000000e+00 -9.8989410978740207e+00 0.0000000000000000e+00
0.0000000000000000e+00 -1.1233113923780095e+01 0.0000000000000000e+00
0.0000000000000000e+00 -9.9764823016351567e+00 0.0000000000000000e+00
0.0000000000000000e+00 -1.0128538914703066e+01 0.0000000000000000e+00
0.0000000000000000e+00 -1.0251734909583920e+01 0.0000000000000000e+00
0.0000000000000000e+00 -1.0203121542195657e+01 0.0000000000000000e+00
0.0000000000000000e+00 -1.0129581482775585e+01 0.0000000000000000e+00
0.0000000000000000e+00 -1.0165263055110296e+01 0.0000000000000000e+00
0.0000000000000000e+00 -1.0241344511096980e+01 0.0000000000000000e+00
0.0000000000000000e+00 -1.0268687575797140e+01 0.0000000000000000e+00
0.0000000000000000e+00 -1.0251090931381096e+01 0.0000000000000000e+00
0.0000000000000000e+00 -1.0255162105628139e+01 0.0000000000000000e+00
0.0000000000000000e+00 -1.0291162940469638e+01 0.0000000000000000e+00
0.0000000000000000e+00 -1.0324726891841278e+01 0.0000000000000000e+00
0.0000000000000000e+00 -1.0337005567946010e+01 0.0000000000000000e+00
0.0000000000000000e+00 -1.0343547115168871e+01 0.0000000000000000e+00
0.0000000000000000e+00 -1.0357343245025090e+01 0.0000000000000000e+00
0.0000000000000000e+00 -1.0377279407408826e+01 0.0000000000000000e+00
0.0000000000000000e+00 -1.0394496026618466e+01 0.0000000000000000e+00
0.0000000000000000e+00 -1.0407109584529602e+01 0.0000000000000000e+00
0.0000000000000000e+00 -1.0417000150408601e+01 0.0000000000000000e+00
0.0000000000000000e+00 -1.0428237288515101e+01 0.0000000000000000e+00
0.0000000000000000e+00 -1.0440611867415111e+01 0.0000000000000000e+00
0.0000000000000000e+00 -1.0452991649291132e+01 0.0000000000000000e+00
0.0000000000000000e+00 -1.0453642669219750e+01 0.0000000000000000e+00
0.0000000000000000e+00 -1.0460823846207118e+01 0.0000000000000000e+00
0.0000000000000000e+00 -1.0467993559908725e+01 0.0000000000000000e+00
