0.0000000000000000e+00 0.0000000000000000e+00 0.0000000000000000e+00
-7.2201521597303522e-09 -2.0247413016645723e-05 0.0000000000000000e+00
-3.3542008081722850e-07 -1.7679342446122860e-04 0.0000000000000000e+00
-2.7280574184863546e-06 -6.6062789620159688e-04 0.0000000000000000e+00
-7.7292158730782836e-06 -1.9034171574405638e-03 0.0000000000000000e+00
-1.0472532871653794e-05 -2.9805269686657069e-03 0.0000000000000000e+00
-1.5080985164687907e-05 -3.9292344149221134e-03 0.0000000000000000e+00
-2.6664642709412428e-05 -4.7962534947944089e-03 0.0000000000000000e+00
-3.7899084036700447e-05 -6.1927083754234041e-03 0.0000000000000000e+00
-4.8734741492473709e-05 -7.7356269025173549e-03 0.0000000000000000e+00
-6.2524978983104611e-05 -8.9185669557278278e-03 0.0000000000000000e+00
-7.7314956428932891e-05 -9.7673685976273194e-03 0.0000000000000000e+00
-9.2700802328523691e-05 -1.0538737570645947e-02 0.0000000000000000e+00
-1.2035231419459931e-04 -1.1212102433511385e-02 0.0000000000000000e+00
-1.5245750546810717e-04 -1.2430687345433972e-02 0.0000000000000000e+00
-1.7780278174327188e-04 -1.4237338981690936e-02 0.0000000000000000e+00
-2.0786057474697129e-04 -1.5342126260937580e-02 0.0000000000000000e+00
-2.4389859578110624e-04 -1.5749578873256544e-02 0.0000000000000000e+00
-2.7954996596771757e-04 -1.6391273638885973e-02 0.0000000000000000e+00
-3.1284486240921728e-04 -1.7425604904717097e-02 0.0000000000000000e+00
-3.4723982296635901e-04 -1.8462718187381166e-02 0.0000000000000000e+00
-3.8552057431362512e-04 -1.9175380514218777e-02 0.0000000000000000e+00
-4.1551086266877063e-04 -1.9683594428658514e-02 0.0000000000000000e+00
-4.5242304800038630e-04 -2.0273673293336288e-02 0.0000000000000000e+00
-5.3034081996747122e-04 -1.8880060977900383e-02 0.0000000000000000e+00
-5.7948170729744345e-04 -2.1635722097054454e-02 0.0000000000000000e+00
-6.2450752576356024e-04 -2.4203863537465124e-02 0.0000000000000000e+00
-6.7967273613744449e-04 -2.3963287542528848e-02 0.0000000000000000e+00
-7.4558505680431863e-04 -2.3001782009712403e-02 0.0000000000000000e+00
-8.0596308407207085e-04 -2.3606076531048809e-02 0.0000000000000000e+00
-8.5549662244921833e-04 -2.5043543880059225e-02 0.0000000000000000e+00
-9.0877943590188769e-04 -2.5905687306830200e-02 0.0000000000000000e+00
-9.6902039840199500e-04 -2.5848553124277415e-02 0.0000000000000000e+00
-1.0352982439681107e-03 -2.5871059092822814e-02 0.0000000000000000e+00
-1.0976037293492363e-03 -2.6382494531561544e-02 0.0000000000000000e+00
-1.1594955617282858e-03 -2.6999958736393187e-02 0.0000000000000000e+00
-1.2255166806028200e-03 -2.7386250401965233e-02 0.0000000000000000e+00
-1.2973810275161432e-03 -2.7572873626625534e-02 0.0000000000000000e+00
-1.3713901748484616e-03 -2.7799316392102751e-02 0.0000000000000000e+00
-1.4373141037315926e-03 -2.8110565374745516e-02 0.0000000000000000e+00
-1.5070787316058586e-03 -2.8506363884467319e-02 0.0000000000000000e+00
-1.5937061370552715e-03 -2.8082614827151218e-02 0.0000000000000000e+00
-1.6688129031058204e-03 -2.8897488134164824e-02 0.0000000000000000e+00
-1.7459736991881100e-03 -2.9730371588066969e-02 0.0000000000000000e+00
-1.8260109219065679e-03 -2.9682975334881203e-02 0.0000000000000000e+00
-1.9100444879155700e-03 -2.9454211648098021e-02 0.0000000000000000e+00
-1.9922916178739072e-03 -2.9692759423930844e-02 0.0000000000000000e+00
-2.0748122254571353e-03 -3.0188428375744748e-02 0.0000000000000000e+00
-2.1598097602381541e-03 -3.0471132456839470e-02 0.0000000000000000e+00
-2.2481850880326933e-03 -3.0530089140666586e-02 0.0000000000000000e+00
-2.3387076749128294e-03 -3.0638262163772367e-02 0.0000000000000000e+00
-2.4291153631817945e-03 -3.0865247109641010e-02 0.0000000000000000e+00
-2.5201803467970146e-03 -3.1087290586105626e-02 0.0000000000000000e+00
-2.6129912024151314e-03 -3.1239591994213976e-02 0.0000000000000000e+00
-2.7079846812703111e-03 -3.1364138906020154e-02 0.0000000000000000e+00
-2.8037386832746270e-03 -3.1509136224717384e-02 0.0000000000000000e+00
-2.9000220580155207e-03 -3.1672099370703019e-02 0.0000000000000000e+00
-2.9976825515042470e-03 -3.1836868274454949e-02 0.0000000000000000e+00
-3.0971546694351618e-03 -3.1992619272879913e-02 0.0000000000000000e+00
-3.1981958397890409e-03 -3.2138430534427942e-02 0.0000000000000000e+00
-3.3009286469036013e-03 -3.2277532580628800e-02 0.0000000000000000e+00
-3.4039076456423819e-03 -3.2419237929879080e-02 0.0000000000000000e+00
-3.4994945701006855e-03 -3.2567031310700753e-02 0.0000000000000000e+00
-3.6034161287934624e-03 -3.2802619788480349e-02 0.0000000000000000e+00
-3.7257390696379864e-03 -3.1952202798561272e-02 0.0000000000000000e+00
-3.8307880033185146e-03 -3.3032906474213371e-02 0.0000000000000000e+00
-3.9402461399672788e-03 -3.4183591805446896e-02 0.0000000000000000e+00
-4.0493318560455138e-03 -3.3931786430338777e-02 0.0000000000000000e+00
-4.1609629775124779e-03 -3.3433938870474897e-02 0.0000000000000000e+00
-4.2704261274241588e-03 -3.3606156265424958e-02 0.0000000000000000e+00
-4.3787720214174637e-03 -3.4177206396648570e-02 0.0000000000000000e+00
-4.4912402806953546e-03 -3.4421890792556191e-02 0.0000000000000000e+00
-4.6065971595333740e-03 -3.4351369723372563e-02 0.0000000000000000e+00
-4.7227653003876326e-03 -3.4361694453983994e-02 0.0000000000000000e+00
-4.8375969333742577e-03 -3.4568268509217598e-02 0.0000000000000000e+00
-4.9543460599162830e-03 -3.4775259357063146e-02 0.0000000000000000e+00
-5.0725596233432537e-03 -3.4893013357881919e-02 0.0000000000000000e+00
-5.1923972940593806e-03 -3.4971298555711038e-02 0.0000000000000000e+00
-5.3115723196799558e-03 -3.5082550098771197e-02 0.0000000000000000e+00
-5.4305643419855039e-03 -3.5215041928019560e-02 0.0000000000000000e+00
-5.5504828222485295e-03 -3.5351158411363846e-02 0.0000000000000000e+00
-5.6711089685396445e-03 -3.5478490942074031e-02 0.0000000000000000e+00
-5.7916329912567109e-03 -3.5594972878534352e-02 0.0000000000000000e+00
-5.9125929595613648e-03 -3.5679588469975661e-02 0.0000000000000000e+00
-6.0344575451463179e-03 -3.5776320570613446e-02 0.0000000000000000e+00
-6.1574749368611074e-03 -3.5921523222445219e-02 0.0000000000000000e+00
-6.2813464448729633e-03 -3.6074075903037239e-02 0.0000000000000000e+00
-6.3796467475094884e-03 -3.6209228137222861e-02 0.0000000000000000e+00
-6.4634837549830803e-03 -3.6615384918821110e-02 0.0000000000000000e+00
-6.6358285712092915e-03 -3.3445647787495182e-02 0.0000000000000000e+00
-6.8536474565711551e-03 -3.5008170663820407e-02 0.0000000000000000e+00
-6.9901387877625860e-03 -4.1055539677069271e-02 0.0000000000000000e+00
-7.1799605844743031e-03 -4.2862013698014734e-02 0.0000000000000000e+00
-7.3584732635566912e-03 -4.0132787031830805e-02 0.0000000000000000e+00
-7.5564680029599225e-03 -3.9585377348386873e-02 0.0000000000000000e+00
-7.7015215669511113e-03 -4.1898233997599836e-02 0.0000000000000000e+00
-7.8449635725373907e-03 -4.4050934654623446e-02 0.0000000000000000e+00
-7.9832102082236806e-03 -4.3794413003710335e-02 0.0000000000000000e+00
-8.1145034271977862e-03 -4.2806161302912239e-02 0.0000000000000000e+00
-8.2526548214465704e-03 -4.2887279126787643e-02 0.0000000000000000e+00
-8.3710461683135402e-03 -4.3570720489737057e-02 0.0000000000000000e+00
-8.5103350244576902e-03 -4.3978396745937613e-02 0.0000000000000000e+00
-8.6397235695535972e-03 -4.3761167720287916e-02 0.0000000000000000e+00
-8.7782361467012484e-03 -4.3495737617688844e-02 0.0000000000000000e+00
-8.9033830154191911e-03 -4.3500074576425685e-02 0.0000000000000000e+00
-9.0341151776219489e-03 -4.3668995350723723e-02 0.0000000000000000e+00
-9.1680816348785471e-03 -4.3784430949431213e-02 0.0000000000000000e+00
-9.3023633028836445e-03 -4.3742971116333858e-02 0.0000000000000000e+00
-9.4348163810178687e-03 -4.3654391198665633e-02 0.0000000000000000e+00
-9.5676062165194909e-03 -4.3627413244268040e-02 0.0000000000000000e+00
-9.7001771618212031e-03 -4.3666950921183431e-02 0.0000000000000000e+00
-9.8331167578325999e-03 -4.3680314520500856e-02 0.0000000000000000e+00
-9.9649655236024436e-03 -4.3640539084835790e-02 0.0000000000000000e+00
-1.0095906109416831e-02 -4.3599040158305083e-02 0.0000000000000000e+00
-1.0227300823607170e-02 -4.3604748863859434e-02 0.0000000000000000e+00
-1.0359371242095643e-02 -4.3635890551692390e-02 0.0000000000000000e+00
-1.0491807569032778e-02 -4.3655370643990152e-02 0.0000000000000000e+00
-1.0620492110272245e-02 -4.3658009597237014e-02 0.0000000000000000e+00
-1.0751244623353902e-02 -4.3713518479993427e-02 0.0000000000000000e+00
-1.0891236383525833e-02 -4.3346308474343322e-02 0.0000000000000000e+00
-1.1022417560696432e-02 -4.3696131019038131e-02 0.0000000000000000e+00
-1.1159706579758013e-02 -4.4095505088642538e-02 0.0000000000000000e+00
-1.1292132192392126e-02 -4.3930201790363131e-02 0.0000000000000000e+00
-1.1425443374855553e-02 -4.3688566625850730e-02 0.0000000000000000e+00
-1.1555756899579024e-02 -4.3711284312782067e-02 0.0000000000000000e+00
-1.1686683128328075e-02 -4.3921898712463117e-02 0.0000000000000000e+00
-1.1818497562198705e-02 -4.3985562263598774e-02 0.0000000000000000e+00
-1.1949406609625060e-02 -4.3942062751630123e-02 0.0000000000000000e+00
-1.2081124494653981e-02 -4.3918035715550661e-02 0.0000000000000000e+00
-1.2212078035118347e-02 -4.3993957853551049e-02 0.0000000000000000e+00
-1.2343719103563692e-02 -4.4062579553297926e-02 0.0000000000000000e+00
-1.2475267655786531e-02 -4.4110471636343275e-02 0.0000000000000000e+00
-1.2607556368471710e-02 -4.4127682083300028e-02 0.0000000000000000e+00
-1.2738812652932741e-02 -4.4171037489162374e-02 0.0000000000000000e+00
-1.2871032800554525e-02 -4.4223739603774292e-02 0.0000000000000000e+00
-1.3002551818059685e-02 -4.4295108834419582e-02 0.0000000000000000e+00
-1.3135116550027305e-02 -4.4347396888804076e-02 0.0000000000000000e+00
-1.3266560204195149e-02 -4.4404689720649079e-02 0.0000000000000000e+00
-1.3399027216152257e-02 -4.4453860658682197e-02 0.0000000000000000e+00
-1.3530506164168324e-02 -4.4527496985908008e-02 0.0000000000000000e+00
-1.3663133853774587e-02 -4.4593195617586581e-02 0.0000000000000000e+00
-1.3794448301816491e-02 -4.4668527387739750e-02 0.0000000000000000e+00
-1.3926875990472464e-02 -4.4727533178942007e-02 0.0000000000000000e+00
-1.4058791775460445e-02 -4.4806317123473542e-02 0.0000000000000000e+00
-1.4198011697042753e-02 -4.4870394442529750e-02 0.0000000000000000e+00
-1.4329736219881888e-02 -4.4956024371149393e-02 0.0000000000000000e+00
-1.4462608371759974e-02 -4.5024813448699699e-02 0.0000000000000000e+00
-1.4554135578025488e-02 -4.5117025708418759e-02 0.0000000000000000e+00
-1.4617253363206496e-02 -4.5734432514446824e-02 0.0000000000000000e+00
-1.4895616553002398e-02 -3.7214060711232094e-02 0.0000000000000000e+00
-1.5506579762996844e-02 -4.4583337259725443e-02 0.0000000000000000e+00
-1.5974342548264249e-02 -5.8396548883836170e-02 0.0000000000000000e+00
-1.6521297204623107e-02 -5.9655237153319565e-02 0.0000000000000000e+00
-1.7003706464952046e-02 -5.3900014641142448e-02 0.0000000000000000e+00
-1.7476148273017737e-02 -5.4754435418404648e-02 0.0000000000000000e+00
-1.7696089152160119e-02 -6.0450884940083251e-02 0.0000000000000000e+00
-1.7950339348181639e-02 -6.3839609043080697e-02 0.0000000000000000e+00
-1.8122294131286854e-02 -6.2286976758618620e-02 0.0000000000000000e+00
-1.8295658414275353e-02 -6.0527125257826379e-02 0.0000000000000000e+00
-1.8444993375871934e-02 -6.0994379223180836e-02 0.0000000000000000e+00
-1.8549325927093539e-02 -6.2240536814000068e-02 0.0000000000000000e+00
-1.8698166414591561e-02 -6.2416257892108577e-02 0.0000000000000000e+00
-1.8790915740556403e-02 -6.1603908267860413e-02 0.0000000000000000e+00
-1.8897450976803148e-02 -6.0887955687994100e-02 0.0000000000000000e+00
-1.8969431893060905e-02 -6.0757987343729732e-02 0.0000000000000000e+00
-1.9067118664917348e-02 -6.0853926525410745e-02 0.0000000000000000e+00
-1.9163566858208272e-02 -6.0733445937232733e-02 0.0000000000000000e+00
-1.9258073135128256e-02 -6.0290623618835554e-02 0.0000000000000000e+00
-1.9341657347181306e-02 -5.9841299741896892e-02 0.0000000000000000e+00
-1.9422855894114105e-02 -5.9606334884461890e-02 0.0000000000000000e+00
-1.9512402755690196e-02 -5.9484151277275604e-02 0.0000000000000000e+00
-1.9603389598094812e-02 -5.9281326708001604e-02 0.0000000000000000e+00
-1.9688694516622023e-02 -5.8962660831869018e-02 0.0000000000000000e+00
-1.9772702425907389e-02 -5.8686922460462379e-02 0.0000000000000000e+00
-1.9859474287118550e-02 -5.8509292201203517e-02 0.0000000000000000e+00
-1.9948065022477115e-02 -5.8357438971080304e-02 0.0000000000000000e+00
-2.0034866546190324e-02 -5.8162140410330215e-02 0.0000000000000000e+00
-2.0106936190738500e-02 -5.8051115277606757e-02 0.0000000000000000e+00
-2.0151957320335458e-02 -5.8460752812901119e-02 0.0000000000000000e+00
-2.0347248096998158e-02 -5.1757363732110588e-02 0.0000000000000000e+00
-2.0804095459006158e-02 -5.5167308681939094e-02 0.0000000000000000e+00
-2.1055265659919574e-02 -6.6184423443151896e-02 0.0000000000000000e+00
-2.1547838503436900e-02 -6.8237049544228073e-02 0.0000000000000000e+00
-2.1945708175100762e-02 -6.2799072763325400e-02 0.0000000000000000e+00
-2.2363771598969840e-02 -6.2117429147773594e-02 0.0000000000000000e+00
-2.2539411715568555e-02 -6.6202265027445195e-02 0.0000000000000000e+00
-2.2756119288449450e-02 -6.9383965737655373e-02 0.0000000000000000e+00
-2.2898180574598748e-02 -6.8019863878007167e-02 0.0000000000000000e+00
-2.3005944745337192e-02 -6.5995589880207622e-02 0.0000000000000000e+00
-2.3106021789028354e-02 -6.5952065471118620e-02 0.0000000000000000e+00
-2.3154266284612167e-02 -6.6899332205768020e-02 0.0000000000000000e+00
-2.3267804239988848e-02 -6.6844107454717888e-02 0.0000000000000000e+00
-2.3326404559589054e-02 -6.5846034683409618e-02 0.0000000000000000e+00
-2.3406250221318807e-02 -6.4992909998954823e-02 0.0000000000000000e+00
-2.3455962370111525e-02 -6.4863455257694339e-02 0.0000000000000000e+00
-2.3532989681961495e-02 -6.4913090295010203e-02 0.0000000000000000e+00
-2.3616603445060554e-02 -6.4746870979121213e-02 0.0000000000000000e+00
-2.3701089976638192e-02 -6.4271557263055390e-02 0.0000000000000000e+00
-2.3778371828827107e-02 -6.3876736861158051e-02 0.0000000000000000e+00
-2.3856937897938617e-02 -6.3649003619964423e-02 0.0000000000000000e+00
-2.3944906028384727e-02 -6.3544264866578701e-02 0.0000000000000000e+00
-2.4033761020900164e-02 -6.3311570704984055e-02 0.0000000000000000e+00
-2.4117523884178864e-02 -6.2977203725948214e-02 0.0000000000000000e+00
-2.4200725410449465e-02 -6.2591710407676582e-02 0.0000000000000000e+00
-2.4293565483054249e-02 -6.2276128929332118e-02 0.0000000000000000e+00
-2.4382923506441914e-02 -6.1978275944886557e-02 0.0000000000000000e+00
-2.4473165719258030e-02 -6.1710419463019722e-02 0.0000000000000000e+00
-2.4563759945024934e-02 -6.1457730978965890e-02 0.0000000000000000e+00
-2.4656195524215239e-02 -6.1263306517920897e-02 0.0000000000000000e+00
-2.4730755828417401e-02 -6.1161658319084287e-02 0.0000000000000000e+00
-2.4781037408218406e-02 -6.1703248486096651e-02 0.0000000000000000e+00
-2.5036271868283617e-02 -5.3927760013232989e-02 0.0000000000000000e+00
-2.5671700202044956e-02 -5.8464058460479071e-02 0.0000000000000000e+00
-2.6053150024485688e-02 -7.1439154602699242e-02 0.0000000000000000e+00
-2.6730366106722751e-02 -7.3756364011111145e-02 0.0000000000000000e+00
-2.7327426322638612e-02 -6.7977933132596285e-02 0.0000000000000000e+00
-2.7948039525483300e-02 -6.7832827267502921e-02 0.0000000000000000e+00
-2.8262942394608238e-02 -7.3146722712415582e-02 0.0000000000000000e+00
-2.8533239675128750e-02 -7.6635811284188352e-02 0.0000000000000000e+00
-2.8726668768721254e-02 -7.5184337194161677e-02 0.0000000000000000e+00
-2.8871484987557615e-02 -7.2865426307191908e-02 0.0000000000000000e+00
-2.9010322865585598e-02 -7.2799474852480214e-02 0.0000000000000000e+00
-2.9063227845300969e-02 -7.3800810577275555e-02 0.0000000000000000e+00
-2.9203823336330422e-02 -7.3887917198807399e-02 0.0000000000000000e+00
-2.9270239711311988e-02 -7.2921568032556019e-02 0.0000000000000000e+00
-2.9350921327970056e-02 -7.1947201493475610e-02 0.0000000000000000e+00
-2.9394752316544391e-02 -7.1572901023229551e-02 0.0000000000000000e+00
-2.9457157784081377e-02 -7.1415485906155221e-02 0.0000000000000000e+00
-2.9526957341393958e-02 -7.1099042686163461e-02 0.0000000000000000e+00
-2.9590261033170164e-02 -7.0469398527009133e-02 0.0000000000000000e+00
-2.9644875536280129e-02 -6.9823481816662966e-02 0.0000000000000000e+00
-2.9706700949495735e-02 -6.9346584174734133e-02 0.0000000000000000e+00
-2.9769978580568009e-02 -6.9012478372813463e-02 0.0000000000000000e+00
-2.9833808431276285e-02 -6.8615433911000556e-02 0.0000000000000000e+00
-2.9892468756002228e-02 -6.8123196729336102e-02 0.0000000000000000e+00
-2.9949269335669798e-02 -6.7634335402393220e-02 0.0000000000000000e+00
-3.0008704788520267e-02 -6.7255018929121127e-02 0.0000000000000000e+00
-3.0072506714614783e-02 -6.6897656270799050e-02 0.0000000000000000e+00
-3.0134489811770662e-02 -6.6530600029000339e-02 0.0000000000000000e+00
-3.0194283172341237e-02 -6.6115370360682185e-02 0.0000000000000000e+00
-3.0253145133057983e-02 -6.5744785517998366e-02 0.0000000000000000e+00
-3.0314602656663019e-02 -6.5384122630262956e-02 0.0000000000000000e+00
-3.0376781934468227e-02 -6.5057146891962875e-02 0.0000000000000000e+00
-3.0453023131993023e-02 -6.4700022399022825e-02 0.0000000000000000e+00
-3.0514171314479723e-02 -6.4369038742539422e-02 0.0000000000000000e+00
-3.0577307531953681e-02 -6.4033626308598407e-02 0.0000000000000000e+00
-3.0630401204349546e-02 -6.3827033863116764e-02 0.0000000000000000e+00
-3.0663774044448502e-02 -6.4164500785759540e-02 0.0000000000000000e+00
-3.0842669917319720e-02 -5.7678355868501043e-02 0.0000000000000000e+00
-3.1371251428761349e-02 -6.0328780097436994e-02 0.0000000000000000e+00
-3.1634190501092993e-02 -7.1085800610037247e-02 0.0000000000000000e+00
-3.2308414641131419e-02 -7.3475788362949657e-02 0.0000000000000000e+00
-3.2867860410935527e-02 -6.8435316398963039e-02 0.0000000000000000e+00
-3.3471670904152866e-02 -6.7903906500349553e-02 0.0000000000000000e+00
-3.3772240699824783e-02 -7.2257244767840054e-02 0.0000000000000000e+00
-3.4020597563007411e-02 -7.5366786139218031e-02 0.0000000000000000e+00
-3.4178983362741062e-02 -7.4079025386060399e-02 0.0000000000000000e+00
-3.4285545102035846e-02 -7.1907128898427167e-02 0.0000000000000000e+00
-3.4390070583976202e-02 -7.1711206104780628e-02 0.0000000000000000e+00
-3.4403752719235715e-02 -7.2519509533951962e-02 0.0000000000000000e+00
-3.4513489145310071e-02 -7.2536128874149869e-02 0.0000000000000000e+00
-3.4543380903139478e-02 -7.1624201118540329e-02 0.0000000000000000e+00
-3.4593259892718053e-02 -7.0693559986961169e-02 0.0000000000000000e+00
-3.4611523507772739e-02 -7.0307506243045201e-02 0.0000000000000000e+00
-3.4646321558132909e-02 -7.0127696697140030e-02 0.0000000000000000e+00
-3.4686941586496517e-02 -6.9823073535994054e-02 0.0000000000000000e+00
-3.4721812799450233e-02 -6.9236911192417747e-02 0.0000000000000000e+00
-3.4746583343942761e-02 -6.8633679997478755e-02 0.0000000000000000e+00
-3.4769483480837991e-02 -6.8180104542173575e-02 0.0000000000000000e+00
-3.4801186709630255e-02 -6.7855015851304532e-02 0.0000000000000000e+00
-3.4833752426086328e-02 -6.7474737370021659e-02 0.0000000000000000e+00
-3.4861359303708407e-02 -6.7013026731954792e-02 0.0000000000000000e+00
-3.4887764581027707e-02 -6.6553518489397348e-02 0.0000000000000000e+00
-3.4917663418059054e-02 -6.6183746940011876e-02 0.0000000000000000e+00
-3.4957367665097550e-02 -6.5832874552090526e-02 0.0000000000000000e+00
-3.4990297879731500e-02 -6.5468089644907301e-02 0.0000000000000000e+00
-3.5020762098319662e-02 -6.5079232416268409e-02 0.0000000000000000e+00
-3.5051107976010673e-02 -6.4720376270370306e-02 0.0000000000000000e+00
-3.5083112232320586e-02 -6.4386100293269286e-02 0.0000000000000000e+00
-3.5115690459228036e-02 -6.4062464756776863e-02 0.0000000000000000e+00
-3.5147529441053725e-02 -6.3730847888996800e-02 0.0000000000000000e+00
-3.5178246480960913e-02 -6.3406378810619279e-02 0.0000000000000000e+00
-3.5209526767611861e-02 -6.3092377288973531e-02 0.0000000000000000e+00
-3.5241101204561559e-02 -6.2794117374493280e-02 0.0000000000000000e+00
-3.5273145422716125e-02 -6.2618686567380205e-02 0.0000000000000000e+00
-3.5278119237146639e-02 -6.3114877177162160e-02 0.0000000000000000e+00
-3.5492698929703928e-02 -5.3555214552974517e-02 0.0000000000000000e+00
-3.6404033496776830e-02 -6.0098732901494228e-02 0.0000000000000000e+00
-3.7030021364321035e-02 -7.5340783141070872e-02 0.0000000000000000e+00
-3.7992726123233268e-02 -7.7241987557690323e-02 0.0000000000000000e+00
-3.8879502338563472e-02 -7.0615801287728930e-02 0.0000000000000000e+00
-3.9807613025279957e-02 -7.1138944057716355e-02 0.0000000000000000e+00
-4.0258069298354120e-02 -7.7684642298179438e-02 0.0000000000000000e+00
-4.0579509232968158e-02 -8.1417775944309712e-02 0.0000000000000000e+00
-4.0739710115538987e-02 -7.9427734237603145e-02 0.0000000000000000e+00
-4.0858963664601178e-02 -7.6924103801788532e-02 0.0000000000000000e+00
-4.0953168643689052e-02 -7.7000404487264376e-02 0.0000000000000000e+00
-4.0913494127543908e-02 -7.8104313087872121e-02 0.0000000000000000e+00
-4.1001649966474686e-02 -7.8044601114847539e-02 0.0000000000000000e+00
-4.0976266775200602e-02 -7.6825005354584197e-02 0.0000000000000000e+00
-4.0976529849114915e-02 -7.5714989596632115e-02 0.0000000000000000e+00
-4.0923363810545975e-02 -7.5241894677191626e-02 0.0000000000000000e+00
-4.0900177219200314e-02 -7.5003683088474229e-02 0.0000000000000000e+00
-4.0883775218874707e-02 -7.4582487844812043e-02 0.0000000000000000e+00
-4.0864784247701333e-02 -7.3840544730486624e-02 0.0000000000000000e+00
-4.0836315820425725e-02 -7.3066724467077099e-02 0.0000000000000000e+00
-4.0803751220641657e-02 -7.2522045424921397e-02 0.0000000000000000e+00
-4.0783396187505379e-02 -7.2115264678875884e-02 0.0000000000000000e+00
-4.0763856403567077e-02 -7.1645667524297477e-02 0.0000000000000000e+00
-4.0738129136846241e-02 -7.1031213467279794e-02 0.0000000000000000e+00
-4.0711503615444289e-02 -7.0439297996686329e-02 0.0000000000000000e+00
-4.0688070899403732e-02 -6.9959579879136535e-02 0.0000000000000000e+00
-4.0670447308355978e-02 -6.9528005328301112e-02 0.0000000000000000e+00
-4.0652412802214918e-02 -6.9064890432535414e-02 0.0000000000000000e+00
-4.0633378250538900e-02 -6.8573212651647231e-02 0.0000000000000000e+00
-4.0616214117319346e-02 -6.8111682541178664e-02 0.0000000000000000e+00
-4.0602341485313782e-02 -6.7684684613469534e-02 0.0000000000000000e+00
-4.0590465597179617e-02 -6.7266728528416211e-02 0.0000000000000000e+00
-4.0579617646299602e-02 -6.6848644172867552e-02 0.0000000000000000e+00
-4.0570658780566940e-02 -6.6442696111219182e-02 0.0000000000000000e+00
-4.0566464152810844e-02 -6.6068468637464489e-02 0.0000000000000000e+00
-4.0566361781882290e-02 -6.5715966210412882e-02 0.0000000000000000e+00
-4.0581381505886228e-02 -6.5489390264393904e-02 0.0000000000000000e+00
-4.0567471296302428e-02 -6.5850209332204437e-02 0.0000000000000000e+00
-4.0701054212748895e-02 -5.8366518777775551e-02 0.0000000000000000e+00
-4.1366186179686168e-02 -6.1897487465959883e-02 0.0000000000000000e+00
-4.1686299606829680e-02 -7.4033691789696057e-02 0.0000000000000000e+00
-4.2534902732810138e-02 -7.6281509715005358e-02 0.0000000000000000e+00
-4.3286671330743667e-02 -7.0574694626151235e-02 0.0000000000000000e+00
-4.4102580717609322e-02 -7.0252470653474466e-02 0.0000000000000000e+00
-4.4493645641476509e-02 -7.5313066584504415e-02 0.0000000000000000e+00
-4.4742386486288657e-02 -7.8549640531570888e-02 0.0000000000000000e+00
-4.4859274774356216e-02 -7.6969410540446009e-02 0.0000000000000000e+00
-4.4905112415836355e-02 -7.4552295905060004e-02 0.0000000000000000e+00
-4.4951279120560898e-02 -7.4397930793998535e-02 0.0000000000000000e+00
-4.4871770384297176e-02 -7.5242809566389693e-02 0.0000000000000000e+00
-4.4915456092906168e-02 -7.5151405614951303e-02 0.0000000000000000e+00
-4.4846615807952697e-02 -7.4045306556728210e-02 0.0000000000000000e+00
-4.4806309287935907e-02 -7.2999512529852623e-02 0.0000000000000000e+00
-4.4717752614529913e-02 -7.2548060124945801e-02 0.0000000000000000e+00
-4.4655590067376204e-02 -7.2305811617085547e-02 0.0000000000000000e+00
-4.4599449679867648e-02 -7.1875858098823561e-02 0.0000000000000000e+00
-4.4539474780586050e-02 -7.1155094838005181e-02 0.0000000000000000e+00
-4.4466929814405157e-02 -7.0430615805793420e-02 0.0000000000000000e+00
-4.4392873433045876e-02 -6.9898832238017169e-02 0.0000000000000000e+00
-4.4329778056990003e-02 -6.9488055970436072e-02 0.0000000000000000e+00
-4.4269287220969449e-02 -6.9013569874920785e-02 0.0000000000000000e+00
-4.4203197513524452e-02 -6.8433505157943400e-02 0.0000000000000000e+00
-4.4136930946972415e-02 -6.7872693767668801e-02 0.0000000000000000e+00
-4.4073070065880383e-02 -6.7409467976962761e-02 0.0000000000000000e+00
-4.4014769825635680e-02 -6.6979363030528247e-02 0.0000000000000000e+00
-4.3955108855491420e-02 -6.6522870267769624e-02 0.0000000000000000e+00
-4.3893523064890451e-02 -6.6042662691664172e-02 0.0000000000000000e+00
-4.3832067262878943e-02 -6.5589668064531453e-02 0.0000000000000000e+00
-4.3773946976138164e-02 -6.5167379416976187e-02 0.0000000000000000e+00
-4.3717442050007473e-02 -6.4754264823310065e-02 0.0000000000000000e+00
-4.3660906915612585e-02 -6.4340512895767227e-02 0.0000000000000000e+00
-4.3603389481413027e-02 -6.3932067148398969e-02 0.0000000000000000e+00
-4.3548134311700654e-02 -6.3539666028659098e-02 0.0000000000000000e+00
-4.3503682571117717e-02 -6.3154484230873567e-02 0.0000000000000000e+00
-4.3487549799956261e-02 -6.2957053283168377e-02 0.0000000000000000e+00
-4.3445628241841588e-02 -6.3498145313716239e-02 0.0000000000000000e+00
-4.3664308599991937e-02 -5.0281888260162395e-02 0.0000000000000000e+00
-4.5122893366345784e-02 -6.3494506184109650e-02 0.0000000000000000e+00
-4.6340430899123937e-02 -8.1562684210672379e-02 0.0000000000000000e+00
-4.7591434831753640e-02 -8.0797790860090354e-02 0.0000000000000000e+00
-4.8868003104025830e-02 -7.2963033271632269e-02 0.0000000000000000e+00
-5.0128314319386989e-02 -7.5196201778736080e-02 0.0000000000000000e+00
-5.0612368861878483e-02 -8.2703387284542379e-02 0.0000000000000000e+00
-5.0958898160466039e-02 -8.5815801990429541e-02 0.0000000000000000e+00
-5.1036046295640569e-02 -8.2838605344932884e-02 0.0000000000000000e+00
-5.1135386836764433e-02 -8.0215048971953237e-02 0.0000000000000000e+00
-5.1199638703101499e-02 -8.0628906185678834e-02 0.0000000000000000e+00
-5.1078770214405975e-02 -8.1838243440209069e-02 0.0000000000000000e+00
-5.1117084988121543e-02 -8.1679662120481986e-02 0.0000000000000000e+00
-5.1014373140155569e-02 -8.0230440646926901e-02 0.0000000000000000e+00
-5.0955471486905345e-02 -7.9025768385888512e-02 0.0000000000000000e+00
-5.0830210484658342e-02 -7.8537662077632298e-02 0.0000000000000000e+00
-5.0744756668178008e-02 -7.8372574818443494e-02 0.0000000000000000e+00
-5.0667532596380099e-02 -7.7869796924500106e-02 0.0000000000000000e+00
-5.0586704911040663e-02 -7.6983793317320762e-02 0.0000000000000000e+00
-5.0493831677044188e-02 -7.6059108187065502e-02 0.0000000000000000e+00
-5.0393638851571644e-02 -7.5467495110580984e-02 0.0000000000000000e+00
-5.0311352679519410e-02 -7.4993371420450081e-02 0.0000000000000000e+00
-5.0232249068097590e-02 -7.4437067018883737e-02 0.0000000000000000e+00
-5.0151147509098402e-02 -7.3676262233922513e-02 0.0000000000000000e+00
-5.0070738453523382e-02 -7.2984859468669130e-02 0.0000000000000000e+00
-4.9995194758699464e-02 -7.2408568599584652e-02 0.0000000000000000e+00
-4.9926222396198976e-02 -7.1890031981037342e-02 0.0000000000000000e+00
-4.9854424711833496e-02 -7.1301473319317701e-02 0.0000000000000000e+00
-4.9779541226999853e-02 -7.0676526585586569e-02 0.0000000000000000e+00
-4.9705973428515474e-02 -7.0082463358170075e-02 0.0000000000000000e+00
-4.9636554721984569e-02 -6.9537366456228059e-02 0.0000000000000000e+00
-4.9571220412042351e-02 -6.9007302495861692e-02 0.0000000000000000e+00
-4.9507013609403135e-02 -6.8474058918446282e-02 0.0000000000000000e+00
-4.9444080312986610e-02 -6.7943241900153509e-02 0.0000000000000000e+00
-4.9383946169229608e-02 -6.7433078699617330e-02 0.0000000000000000e+00
-4.9325886149423848e-02 -6.6933630926137203e-02 0.0000000000000000e+00
-4.9268331416291181e-02 -6.6438839453885831e-02 0.0000000000000000e+00
-4.9210005394435256e-02 -6.5939675814208690e-02 0.0000000000000000e+00
-4.9164108765099447e-02 -6.5441414278803178e-02 0.0000000000000000e+00
-4.9109946978626785e-02 -6.4966837701732463e-02 0.0000000000000000e+00
-4.9058377402869911e-02 -6.4512479102347614e-02 0.0000000000000000e+00
-4.9024587405872878e-02 -6.4193684845396851e-02 0.0000000000000000e+00
-4.8963080703862946e-02 -6.4526301141488468e-02 0.0000000000000000e+00
-4.9090632381943076e-02 -5.5823309622862298e-02 0.0000000000000000e+00
-4.9769860233791201e-02 -6.5334734730865054e-02 0.0000000000000000e+00
-5.0651517861212289e-02 -7.4186592212895336e-02 0.0000000000000000e+00
-5.1273633754002901e-02 -7.1969972084478112e-02 0.0000000000000000e+00
-5.1910423078904235e-02 -6.7691295542674765e-02 0.0000000000000000e+00
-5.2496659724985746e-02 -6.9495778814041009e-02 0.0000000000000000e+00
-5.2576597689997936e-02 -7.3082121155834803e-02 0.0000000000000000e+00
-5.2806383676233443e-02 -7.3972154217701688e-02 0.0000000000000000e+00
-5.2817705632697089e-02 -7.1822885166197420e-02 0.0000000000000000e+00
-5.2874242939897280e-02 -7.0632070111763368e-02 0.0000000000000000e+00
-5.2846739803164004e-02 -7.0934569233903150e-02 0.0000000000000000e+00
-5.2795023220265899e-02 -7.1346775381040298e-02 0.0000000000000000e+00
-5.2767940615204983e-02 -7.0661979572580691e-02 0.0000000000000000e+00
-5.2689248550920199e-02 -6.9698099686519674e-02 0.0000000000000000e+00
-5.2623860793662165e-02 -6.9001025603646307e-02 0.0000000000000000e+00
-5.2516526752068998e-02 -6.8639052237040504e-02 0.0000000000000000e+00
-5.2453878685350196e-02 -6.8297285871996322e-02 0.0000000000000000e+00
-5.2372961613219311e-02 -6.7762388259385034e-02 0.0000000000000000e+00
-5.2298658436333460e-02 -6.7063995793928688e-02 0.0000000000000000e+00
-5.2208794695360883e-02 -6.6429723392567558e-02 0.0000000000000000e+00
-5.2122782956047498e-02 -6.5950577946578867e-02 0.0000000000000000e+00
-5.2043502666183905e-02 -6.5511598498248239e-02 0.0000000000000000e+00
-5.1964347968137488e-02 -6.4998300967861494e-02 0.0000000000000000e+00
-5.1881013176619376e-02 -6.4408528282975150e-02 0.0000000000000000e+00
-5.1797510048524981e-02 -6.3885603201931179e-02 0.0000000000000000e+00
-5.1716546288450849e-02 -6.3418423087090711e-02 0.0000000000000000e+00
-5.1639583861360396e-02 -6.2969902311333079e-02 0.0000000000000000e+00
-5.1560836333186061e-02 -6.2476052155042379e-02 0.0000000000000000e+00
-5.1482249125080391e-02 -6.1989171839055231e-02 0.0000000000000000e+00
-5.1431427921669548e-02 -6.1516266858623610e-02 0.0000000000000000e+00
-5.1356843843116062e-02 -6.1078600214915207e-02 0.0000000000000000e+00
-5.1282634660717509e-02 -6.0636244127354313e-02 0.0000000000000000e+00
-5.1207736566503813e-02 -6.0192754286839789e-02 0.0000000000000000e+00
-5.1133138502907953e-02 -5.9750057574173406e-02 0.0000000000000000e+00
-5.1060529725456931e-02 -5.9325598785172622e-02 0.0000000000000000e+00
-5.0990168058436910e-02 -5.8910117494521422e-02 0.0000000000000000e+00
-5.0941739452676452e-02 -5.8498389674763729e-02 0.0000000000000000e+00
-5.0873377015860824e-02 -5.8089419735379913e-02 0.0000000000000000e+00
-5.0805466544476686e-02 -5.7688607135739728e-02 0.0000000000000000e+00
-5.0737944168885579e-02 -5.7292326089682523e-02 0.0000000000000000e+00
-5.0671583603468483e-02 -5.6908589026424566e-02 0.0000000000000000e+00
-5.0606024922454550e-02 -5.6526607823424245e-02 0.0000000000000000e+00
-5.0541129318357705e-02 -5.6153919866481002e-02 0.0000000000000000e+00
-5.0476319559307238e-02 -5.5783748159188233e-02 0.0000000000000000e+00
-5.0411982038327308e-02 -5.5423870204316356e-02 0.0000000000000000e+00
-5.0362041902300043e-02 -5.5149083509668073e-02 0.0000000000000000e+00
-5.0307320293993582e-02 -5.5352231872091893e-02 0.0000000000000000e+00
-5.0356484121179025e-02 -5.0019667614758755e-02 0.0000000000000000e+00
-5.0904062226964697e-02 -5.1902662259718964e-02 0.0000000000000000e+00
-5.1112307911652478e-02 -6.0727500310749902e-02 0.0000000000000000e+00
-5.1922020677497960e-02 -6.2585873509862444e-02 0.0000000000000000e+00
-5.2701919630641435e-02 -5.8373239017246684e-02 0.0000000000000000e+00
-5.3580895388011744e-02 -5.8080861790966318e-02 0.0000000000000000e+00
-5.4117259822364615e-02 -6.2221504994942993e-02 0.0000000000000000e+00
-5.4369531374805664e-02 -6.4947154357188661e-02 0.0000000000000000e+00
-5.4472772507662769e-02 -6.3822038707858977e-02 0.0000000000000000e+00
-5.4487891561788779e-02 -6.1921001292094914e-02 0.0000000000000000e+00
-5.4524782563600951e-02 -6.1761462768303001e-02 0.0000000000000000e+00
-5.4389562980243451e-02 -6.2361953888407644e-02 0.0000000000000000e+00
-5.4394166195722696e-02 -6.2384599267248243e-02 0.0000000000000000e+00
-5.4285076862024217e-02 -6.1487160979957017e-02 0.0000000000000000e+00
-5.4210411231174566e-02 -6.0659674910917873e-02 0.0000000000000000e+00
-5.4094509248830802e-02 -6.0271848877133334e-02 0.0000000000000000e+00
-5.3992459129969750e-02 -6.0096934362764663e-02 0.0000000000000000e+00
-5.3896515433455722e-02 -5.9686263809008572e-02 0.0000000000000000e+00
-5.3799287106318240e-02 -5.9071982940479752e-02 0.0000000000000000e+00
-5.3716387637350413e-02 -5.8466846868153691e-02 0.0000000000000000e+00
-5.3611624449025709e-02 -5.8076162246863634e-02 0.0000000000000000e+00
-5.3517097143851673e-02 -5.7737088974102360e-02 0.0000000000000000e+00
-5.3423309445210523e-02 -5.7338897751123573e-02 0.0000000000000000e+00
-5.3327037398802735e-02 -5.6831160936988916e-02 0.0000000000000000e+00
-5.3230667537978525e-02 -5.6371047482996740e-02 0.0000000000000000e+00
-5.3136563206566095e-02 -5.5981340956733329e-02 0.0000000000000000e+00
-5.3047950598226666e-02 -5.5624762628348944e-02 0.0000000000000000e+00
-5.2958921442099655e-02 -5.5220469208981111e-02 0.0000000000000000e+00
-5.2869914147453220e-02 -5.4799984931530078e-02 0.0000000000000000e+00
-5.2780455651227902e-02 -5.4397374371291558e-02 0.0000000000000000e+00
-5.2692963122560846e-02 -5.4027381788829640e-02 0.0000000000000000e+00
-5.2606874319098058e-02 -5.3656069739230053e-02 0.0000000000000000e+00
-5.2521728154546296e-02 -5.3281244769464893e-02 0.0000000000000000e+00
-5.2436626921312381e-02 -5.2904476845613391e-02 0.0000000000000000e+00
-5.2352655517987443e-02 -5.2543582416810584e-02 0.0000000000000000e+00
-5.2269933244710624e-02 -5.2189410187111533e-02 0.0000000000000000e+00
-5.2189347999075160e-02 -5.1841871509389535e-02 0.0000000000000000e+00
-5.2136071931405209e-02 -5.1479516926679347e-02 0.0000000000000000e+00
-5.2058190792504018e-02 -5.1134188795772847e-02 0.0000000000000000e+00
-5.1979281842509509e-02 -5.0797233164687636e-02 0.0000000000000000e+00
-5.1900539759796228e-02 -5.0468816871903063e-02 0.0000000000000000e+00
-5.1823390662897935e-02 -5.0138173731483528e-02 0.0000000000000000e+00
-5.1748776766668128e-02 -4.9813248553721830e-02 0.0000000000000000e+00
-5.1674855179032059e-02 -4.9493488554542005e-02 0.0000000000000000e+00
-5.1600075283925462e-02 -4.9185315299506913e-02 0.0000000000000000e+00
-5.1524406296572019e-02 -4.8877807337756332e-02 0.0000000000000000e+00
-5.1449867981911701e-02 -4.8574822005754387e-02 0.0000000000000000e+00
-5.1398001120412304e-02 -4.8365868602478566e-02 0.0000000000000000e+00
-5.1342476869561691e-02 -4.8692736218758408e-02 0.0000000000000000e+00
-5.1430973477624695e-02 -4.1564251680748412e-02 0.0000000000000000e+00
-5.2334099146742176e-02 -4.5897817374900458e-02 0.0000000000000000e+00
-5.2946558646323423e-02 -5.7263098730459837e-02 0.0000000000000000e+00
-5.4055152480403733e-02 -5.8642836195997861e-02 0.0000000000000000e+00
-5.5206771529564623e-02 -5.3489154512348473e-02 0.0000000000000000e+00
-5.6489885497810220e-02 -5.3919482029292372e-02 0.0000000000000000e+00
-5.7327161963529515e-02 -5.9468234803144025e-02 0.0000000000000000e+00
-5.7749622470024464e-02 -6.2619642329314357e-02 0.0000000000000000e+00
-5.7910485206269444e-02 -6.1213363300098571e-02 0.0000000000000000e+00
-5.8000273516995250e-02 -5.9242794227446390e-02 0.0000000000000000e+00
-5.8077039195212649e-02 -5.9411039474221959e-02 0.0000000000000000e+00
-5.7915984519344973e-02 -6.0254553821510064e-02 0.0000000000000000e+00
-5.7909824912918642e-02 -6.0272358580155110e-02 0.0000000000000000e+00
-5.7766479252096659e-02 -5.9220187013545693e-02 0.0000000000000000e+00
-5.7664046024433563e-02 -5.8363546354909930e-02 0.0000000000000000e+00
-5.7509476144897667e-02 -5.8023710637089027e-02 0.0000000000000000e+00
-5.7369082251392749e-02 -5.7917270557396913e-02 0.0000000000000000e+00
-5.7232204130056141e-02 -5.7520519425994662e-02 0.0000000000000000e+00
-5.7090069900277284e-02 -5.6863357105677623e-02 0.0000000000000000e+00
-5.6940493397474375e-02 -5.6195584637129266e-02 0.0000000000000000e+00
-5.6783530641513091e-02 -5.5775314379866665e-02 0.0000000000000000e+00
-5.6639342090677051e-02 -5.5426350704851197e-02 0.0000000000000000e+00
-5.6494333334787719e-02 -5.5002671102093170e-02 0.0000000000000000e+00
-5.6347334821865443e-02 -5.4434250062040668e-02 0.0000000000000000e+00
-5.6198016054255583e-02 -5.3924711450458539e-02 0.0000000000000000e+00
-5.6051551540810547e-02 -5.3506775638673523e-02 0.0000000000000000e+00
-5.5910149730672778e-02 -5.3127283007819728e-02 0.0000000000000000e+00
-5.5775803237024246e-02 -5.2681149835783619e-02 0.0000000000000000e+00
-5.5632537359626706e-02 -5.2216313684448512e-02 0.0000000000000000e+00
-5.5490677994695696e-02 -5.1784029004185737e-02 0.0000000000000000e+00
-5.5351355869408599e-02 -5.1392538427649195e-02 0.0000000000000000e+00
-5.5213785585494481e-02 -5.1002727252157432e-02 0.0000000000000000e+00
-5.5074886552563831e-02 -5.0600151317668450e-02 0.0000000000000000e+00
-5.4936084412650674e-02 -5.0196362262738464e-02 0.0000000000000000e+00
-5.4799068385674103e-02 -4.9810641889724637e-02 0.0000000000000000e+00
-5.4663797419372599e-02 -4.9437005079543114e-02 0.0000000000000000e+00
-5.4528742955290498e-02 -4.9066041896660625e-02 0.0000000000000000e+00
-5.4393399071926536e-02 -4.8690466732228418e-02 0.0000000000000000e+00
-5.4259997930260248e-02 -4.8320131573048937e-02 0.0000000000000000e+00
-5.4128864016291731e-02 -4.7961746233855705e-02 0.0000000000000000e+00
-5.3998829516950515e-02 -4.7615699153632909e-02 0.0000000000000000e+00
-5.3868409611723872e-02 -4.7273165383528715e-02 0.0000000000000000e+00
-5.3738288221795882e-02 -4.6930054443674221e-02 0.0000000000000000e+00
-5.3610162497963076e-02 -4.6588181650952375e-02 0.0000000000000000e+00
-5.3485532659486440e-02 -4.6252765593050832e-02 0.0000000000000000e+00
-5.3375431292364030e-02 -4.5915646653336487e-02 0.0000000000000000e+00
-5.3267863932773260e-02 -4.5633135526968620e-02 0.0000000000000000e+00
-5.3144636830534685e-02 -4.5561992216059347e-02 0.0000000000000000e+00
-5.3067520511442125e-02 -4.3063202864592171e-02 0.0000000000000000e+00
-5.3103577380648484e-02 -4.5040506015444126e-02 0.0000000000000000e+00
-5.3181388825030554e-02 -4.6886712470866239e-02 0.0000000000000000e+00
-5.3120897380463432e-02 -4.5720565179227686e-02 0.0000000000000000e+00
-5.3096449780536958e-02 -4.4029194729959906e-02 0.0000000000000000e+00
-5.3060987563153993e-02 -4.3947155956148551e-02 0.0000000000000000e+00
-5.2917328614391981e-02 -4.4640685368625976e-02 0.0000000000000000e+00
-5.2878635133638788e-02 -4.4629364976607945e-02 0.0000000000000000e+00
-5.2737583134033428e-02 -4.3816688024837812e-02 0.0000000000000000e+00
-5.2648923151922093e-02 -4.3251805936712531e-02 0.0000000000000000e+00
-5.2517979910744229e-02 -4.3157483526381470e-02 0.0000000000000000e+00
-5.2412018035244770e-02 -4.3113680271502280e-02 0.0000000000000000e+00
-5.2300066470007046e-02 -4.2826150962798168e-02 0.0000000000000000e+00
-5.2187074879410933e-02 -4.2391196710781447e-02 0.0000000000000000e+00
-5.2071562739852341e-02 -4.2056774367533058e-02 0.0000000000000000e+00
-5.1979079523266407e-02 -4.1809083932760005e-02 0.0000000000000000e+00
-5.1872424280089660e-02 -4.1611283312598689e-02 0.0000000000000000e+00
-5.1762422929440000e-02 -4.1336534288655136e-02 0.0000000000000000e+00
-5.1650137543772852e-02 -4.1034067849860530e-02 0.0000000000000000e+00
-5.1537305382626478e-02 -4.0733544015809191e-02 0.0000000000000000e+00
-5.1430434588318030e-02 -4.0503774172216692e-02 0.0000000000000000e+00
-5.1327832574302505e-02 -4.0274548927970166e-02 0.0000000000000000e+00
-5.1226021282634225e-02 -4.0045435030872926e-02 0.0000000000000000e+00
-5.1121312865264161e-02 -3.9779151603371685e-02 0.0000000000000000e+00
-5.1018837681835259e-02 -3.9545885679429481e-02 0.0000000000000000e+00
-5.0917563695789730e-02 -3.9306347926337123e-02 0.0000000000000000e+00
-5.0818339523932457e-02 -3.9087574628439647e-02 0.0000000000000000e+00
-5.0715591092698423e-02 -3.8837529864914774e-02 0.0000000000000000e+00
-5.0614464041794392e-02 -3.8610438070148169e-02 0.0000000000000000e+00
-5.0538268023019868e-02 -3.8361877337500377e-02 0.0000000000000000e+00
-5.0444118165572406e-02 -3.8151303127520263e-02 0.0000000000000000e+00
-5.0349471318916955e-02 -3.7925750213598550e-02 0.0000000000000000e+00
-5.0257764416390543e-02 -3.7731843155965679e-02 0.0000000000000000e+00
-5.0166532838329524e-02 -3.7520265943739424e-02 0.0000000000000000e+00
-5.0079574348153376e-02 -3.7335166333184101e-02 0.0000000000000000e+00
-4.9991735229091859e-02 -3.7123433201770785e-02 0.0000000000000000e+00
-4.9903257274372781e-02 -3.6931610500074832e-02 0.0000000000000000e+00
-4.9810800379547292e-02 -3.6711215614399315e-02 0.0000000000000000e+00
-4.9730737050795684e-02 -3.6515038537587446e-02 0.0000000000000000e+00
-4.9641728460976378e-02 -3.6302153244676699e-02 0.0000000000000000e+00
-4.9556687558698728e-02 -3.6124976306959114e-02 0.0000000000000000e+00
-4.9470711767232285e-02 -3.5928599588561760e-02 0.0000000000000000e+00
-4.9386914375571446e-02 -3.5759204937529349e-02 0.0000000000000000e+00
-4.9321020948717070e-02 -3.5603916117026187e-02 0.0000000000000000e+00
-4.9255391934679635e-02 -3.5812326218285943e-02 0.0000000000000000e+00
-4.9259060720364047e-02 -3.2005671346010747e-02 0.0000000000000000e+00
-4.9729114567874398e-02 -3.3331817612393747e-02 0.0000000000000000e+00
-4.9945097824963369e-02 -3.9801070584111593e-02 0.0000000000000000e+00
-5.0691241788810217e-02 -4.1047473597626373e-02 0.0000000000000000e+00
-5.1441073494790664e-02 -3.7885475802592078e-02 0.0000000000000000e+00
-5.2322989563215440e-02 -3.7594041509033928e-02 0.0000000000000000e+00
-5.2931493119473511e-02 -4.0722327700373206e-02 0.0000000000000000e+00
-5.3222985512148796e-02 -4.2866432490525637e-02 0.0000000000000000e+00
-5.3344379051916836e-02 -4.2200466452422349e-02 0.0000000000000000e+00
-5.3373450173742981e-02 -4.0877747433197616e-02 0.0000000000000000e+00
-5.3419003203418726e-02 -4.0869848953228316e-02 0.0000000000000000e+00
-5.3274518301661453e-02 -4.1396929904646461e-02 0.0000000000000000e+00
-5.3248979216821930e-02 -4.1510356344928410e-02 0.0000000000000000e+00
-5.3125097477241805e-02 -4.0891350370434204e-02 0.0000000000000000e+00
-5.3031041387558611e-02 -4.0338066584417354e-02 0.0000000000000000e+00
-5.2904788764382524e-02 -4.0127252773688088e-02 0.0000000000000000e+00
-5.2776428119540336e-02 -4.0083876365458480e-02 0.0000000000000000e+00
-5.2656423113161911e-02 -3.9878160263755333e-02 0.0000000000000000e+00
-5.2529541250729984e-02 -3.9484496591078409e-02 0.0000000000000000e+00
-5.2401302196205139e-02 -3.9071477011067231e-02 0.0000000000000000e+00
-5.2265892574975041e-02 -3.8815554214028374e-02 0.0000000000000000e+00
-5.2137628486711961e-02 -3.8629339811824058e-02 0.0000000000000000e+00
-5.2013345310441245e-02 -3.8402094601615651e-02 0.0000000000000000e+00
-5.1889235515261860e-02 -3.8078835888229710e-02 0.0000000000000000e+00
-5.1765075898538043e-02 -3.7775612888116428e-02 0.0000000000000000e+00
-5.1660669783133460e-02 -3.7520733669565404e-02 0.0000000000000000e+00
-5.1536571135172939e-02 -3.7296836950011021e-02 0.0000000000000000e+00
-5.1412233856917400e-02 -3.7035683832678544e-02 0.0000000000000000e+00
-5.1289241770400902e-02 -3.6761746374736164e-02 0.0000000000000000e+00
-5.1178751155353926e-02 -3.6500396654831152e-02 0.0000000000000000e+00
-5.1059440490909554e-02 -3.6270336332548114e-02 0.0000000000000000e+00
-5.0939730988779498e-02 -3.6035609579842358e-02 0.0000000000000000e+00
-5.0819191387359845e-02 -3.5790149158517609e-02 0.0000000000000000e+00
-5.0700194731755167e-02 -3.5537674026551953e-02 0.0000000000000000e+00
-5.0583994592218760e-02 -3.5302034281521531e-02 0.0000000000000000e+00
-5.0468398120933657e-02 -3.5073269087523916e-02 0.0000000000000000e+00
-5.0352032662942796e-02 -3.4849192513167426e-02 0.0000000000000000e+00
-5.0234773669086456e-02 -3.4617355829413061e-02 0.0000000000000000e+00
-5.0119252669461170e-02 -3.4392352872104369e-02 0.0000000000000000e+00
-5.0005794923758055e-02 -3.4170166212600855e-02 0.0000000000000000e+00
-4.9894009384849128e-02 -3.3957947881706002e-02 0.0000000000000000e+00
-4.9783312664198227e-02 -3.3745832157442271e-02 0.0000000000000000e+00
-4.9691619373771354e-02 -3.3536122482095365e-02 0.0000000000000000e+00
-4.9585650471655848e-02 -3.3324299880446148e-02 0.0000000000000000e+00
-4.9481835129931248e-02 -3.3117268481439061e-02 0.0000000000000000e+00
-4.9410333735859673e-02 -3.2962330189548604e-02 0.0000000000000000e+00
-4.9333646719591034e-02 -3.3172568980468824e-02 0.0000000000000000e+00
-4.9333209038344920e-02 -2.8774536350298596e-02 0.0000000000000000e+00
-4.9906446373413217e-02 -3.0849797706725374e-02 0.0000000000000000e+00
-5.0222595895800935e-02 -3.7919510418017423e-02 0.0000000000000000e+00
-5.1037236450670008e-02 -3.8808566697259066e-02 0.0000000000000000e+00
-5.1890721862378711e-02 -3.5172165173533110e-02 0.0000000000000000e+00
-5.2885929248325879e-02 -3.4979454004169040e-02 0.0000000000000000e+00
-5.3587399230494298e-02 -3.8414644618252468e-02 0.0000000000000000e+00
-5.3939207369186067e-02 -4.0548271485694377e-02 0.0000000000000000e+00
-5.4080706552101926e-02 -3.9705010710219396e-02 0.0000000000000000e+00
-5.4137407397460119e-02 -3.8345535771305485e-02 0.0000000000000000e+00
-5.4188182422874959e-02 -3.8441558793664531e-02 0.0000000000000000e+00
-5.4033574514227460e-02 -3.9034619111131007e-02 0.0000000000000000e+00
-5.3994938619834433e-02 -3.9115125851401158e-02 0.0000000000000000e+00
-5.3853491106702830e-02 -3.8445675963040417e-02 0.0000000000000000e+00
-5.3747181588531270e-02 -3.7898457745117922e-02 0.0000000000000000e+00
-5.3605922225577349e-02 -3.7715149988313733e-02 0.0000000000000000e+00
-5.3457854431965247e-02 -3.7679272387876814e-02 0.0000000000000000e+00
-5.3319456842200193e-02 -3.7460402356036732e-02 0.0000000000000000e+00
-5.3172405073466260e-02 -3.7044917964394283e-02 0.0000000000000000e+00
-5.3023717304352028e-02 -3.6631600268998928e-02 0.0000000000000000e+00
-5.2866978678776377e-02 -3.6375068104279720e-02 0.0000000000000000e+00
-5.2719824049395861e-02 -3.6183008896579154e-02 0.0000000000000000e+00
-5.2575272632510821e-02 -3.5930295911308342e-02 0.0000000000000000e+00
-5.2449972043707695e-02 -3.5570609856037619e-02 0.0000000000000000e+00
-5.2304612970793335e-02 -3.5248756097502422e-02 0.0000000000000000e+00
-5.2158386129580431e-02 -3.4994175347609617e-02 0.0000000000000000e+00
-5.2016496137496371e-02 -3.4762578393551638e-02 0.0000000000000000e+00
-5.1875473223524135e-02 -3.4491716506741654e-02 0.0000000000000000e+00
-5.1735770118333378e-02 -3.4202321235090774e-02 0.0000000000000000e+00
-5.1596908658862455e-02 -3.3935363340017531e-02 0.0000000000000000e+00
-5.1459937630482566e-02 -3.3694940346633812e-02 0.0000000000000000e+00
-5.1324362050469287e-02 -3.3453106371962284e-02 0.0000000000000000e+00
-5.1188021220636044e-02 -3.3196801317361344e-02 0.0000000000000000e+00
-5.1051582358895523e-02 -3.2938947695201275e-02 0.0000000000000000e+00
-5.0916235989903344e-02 -3.2694699719601462e-02 0.0000000000000000e+00
-5.0783273924647557e-02 -3.2461753403886191e-02 0.0000000000000000e+00
-5.0652104917396544e-02 -3.2230489870831595e-02 0.0000000000000000e+00
-5.0521685408231133e-02 -3.1996242557684830e-02 0.0000000000000000e+00
-5.0390936857979157e-02 -3.1762806787183219e-02 0.0000000000000000e+00
-5.0260041352320435e-02 -3.1533035618241438e-02 0.0000000000000000e+00
-5.0130644625620890e-02 -3.1310134663083126e-02 0.0000000000000000e+00
-5.0002841035596580e-02 -3.1091466929791211e-02 0.0000000000000000e+00
-4.9876227676311148e-02 -3.0874308421394374e-02 0.0000000000000000e+00
-4.9751194793488072e-02 -3.0658474762066634e-02 0.0000000000000000e+00
-4.9627207183162436e-02 -3.0446629503196477e-02 0.0000000000000000e+00
-4.9503328573468813e-02 -3.0238722228377275e-02 0.0000000000000000e+00
-4.9396847729680012e-02 -3.0064191323400283e-02 0.0000000000000000e+00
-4.9274755371198804e-02 -3.0084621772709191e-02 0.0000000000000000e+00
-4.9194840670287482e-02 -2.7796281849340573e-02 0.0000000000000000e+00
-4.9288801604894461e-02 -2.9861329102991541e-02 0.0000000000000000e+00
-4.9438213484561566e-02 -3.1681921485752038e-02 0.0000000000000000e+00
-4.9489004565485405e-02 -3.0710170117943591e-02 0.0000000000000000e+00
-4.9535719384063967e-02 -2.9242165953969598e-02 0.0000000000000000e+00
-4.9583554348927424e-02 -2.9386273218972993e-02 0.0000000000000000e+00
-4.9458061673289866e-02 -3.0160991241740102e-02 0.0000000000000000e+00
-4.9445154267807705e-02 -3.0257898691784638e-02 0.0000000000000000e+00
-4.9330898397330958e-02 -2.9580384632267431e-02 0.0000000000000000e+00
-4.9261505293953615e-02 -2.9163020853624232e-02 0.0000000000000000e+00
-4.9145450556036585e-02 -2.9180475184151209e-02 0.0000000000000000e+00
-4.9031297487292930e-02 -2.9221854771319524e-02 0.0000000000000000e+00
-4.8922556698942118e-02 -2.9008328996829428e-02 0.0000000000000000e+00
-4.8806153886690219e-02 -2.8672385448827945e-02 0.0000000000000000e+00
-4.8690926548823801e-02 -2.8431056580746749e-02 0.0000000000000000e+00
-4.8564466705889993e-02 -2.8293401348306619e-02 0.0000000000000000e+00
-4.8447826057663242e-02 -2.8168669175082293e-02 0.0000000000000000e+00
-4.8330721378516073e-02 -2.7956933868657118e-02 0.0000000000000000e+00
-4.8214178362046202e-02 -2.7689416970059728e-02 0.0000000000000000e+00
-4.8096811648756808e-02 -2.7472286048138464e-02 0.0000000000000000e+00
-4.7979441977893313e-02 -2.7322375505214904e-02 0.0000000000000000e+00
-4.7884532326201920e-02 -2.7179401967116597e-02 0.0000000000000000e+00
-4.7773894396688790e-02 -2.6991480619084973e-02 0.0000000000000000e+00
-4.7664158210787469e-02 -2.6782671678357534e-02 0.0000000000000000e+00
-4.7551946959924166e-02 -2.6594414948323878e-02 0.0000000000000000e+00
-4.7441719707041863e-02 -2.6435830172583410e-02 0.0000000000000000e+00
-4.7332766227209985e-02 -2.6276443251428982e-02 0.0000000000000000e+00
-4.7226212345087747e-02 -2.6102358035486148e-02 0.0000000000000000e+00
-4.7131310141920825e-02 -2.5918127616611393e-02 0.0000000000000000e+00
-4.7027973579068225e-02 -2.5747754545094304e-02 0.0000000000000000e+00
-4.6926468931811155e-02 -2.5586674369836970e-02 0.0000000000000000e+00
-4.6826572254164221e-02 -2.5429577711095792e-02 0.0000000000000000e+00
-4.6725358831390978e-02 -2.5268364315775425e-02 0.0000000000000000e+00
-4.6623696542793538e-02 -2.5106930860545933e-02 0.0000000000000000e+00
-4.6522070450722645e-02 -2.4945110483541623e-02 0.0000000000000000e+00
-4.6422607287489780e-02 -2.4786144625099701e-02 0.0000000000000000e+00
-4.6324610232732669e-02 -2.4627961960407816e-02 0.0000000000000000e+00
-4.6228687531465244e-02 -2.4473012088095783e-02 0.0000000000000000e+00
-4.6148355432358783e-02 -2.4314195993468141e-02 0.0000000000000000e+00
-4.6056275110310414e-02 -2.4166112640367658e-02 0.0000000000000000e+00
-4.5965326706541465e-02 -2.4019203713737985e-02 0.0000000000000000e+00
-4.5875215075463431e-02 -2.3871320623912184e-02 0.0000000000000000e+00
-4.5784703058277282e-02 -2.3719859941620011e-02 0.0000000000000000e+00
-4.5693685053973226e-02 -2.3570236391787420e-02 0.0000000000000000e+00
-4.5602471677979664e-02 -2.3423366660825243e-02 0.0000000000000000e+00
-4.5512261425421578e-02 -2.3280882367008270e-02 0.0000000000000000e+00
-4.5423822451567765e-02 -2.3140044997148831e-02 0.0000000000000000e+00
-4.5362138948472477e-02 -2.3051686258847810e-02 0.0000000000000000e+00
-4.5310919854714242e-02 -2.3305015422434978e-02 0.0000000000000000e+00
-4.5377170344630541e-02 -1.7865135902252430e-02 0.0000000000000000e+00
-4.6322582604584578e-02 -2.2600918049694385e-02 0.0000000000000000e+00
-4.7211484371409089e-02 -2.9980783915785264e-02 0.0000000000000000e+00
-4.8375401129476990e-02 -2.9551773811024824e-02 0.0000000000000000e+00
-4.9668493784672488e-02 -2.5819103404010744e-02 0.0000000000000000e+00
-5.1068813692258193e-02 -2.6545987983520546e-02 0.0000000000000000e+00
-5.2070903185981385e-02 -3.0382354293609245e-02 0.0000000000000000e+00
-5.2709069774760350e-02 -3.2244450692583249e-02 0.0000000000000000e+00
-5.3056554183314716e-02 -3.1245102412938434e-02 0.0000000000000000e+00
-5.3300096555491693e-02 -3.0219071207022566e-02 0.0000000000000000e+00
-5.3486634659787945e-02 -3.0691019753104391e-02 0.0000000000000000e+00
-5.3434873669615274e-02 -3.1420113165066370e-02 0.0000000000000000e+00
-5.3437785070632252e-02 -3.1495459285442166e-02 0.0000000000000000e+00
-5.3342742099872130e-02 -3.0910906343041614e-02 0.0000000000000000e+00
-5.3269345980656961e-02 -3.0498237408668315e-02 0.0000000000000000e+00
-5.3157975697859364e-02 -3.0444939846861852e-02 0.0000000000000000e+00
-5.3050974399077640e-02 -3.0479688757659343e-02 0.0000000000000000e+00
-5.2929060164986753e-02 -3.0320177941278122e-02 0.0000000000000000e+00
-5.2798464444587141e-02 -2.9948885429846854e-02 0.0000000000000000e+00
-5.2666895559162673e-02 -2.9612858798914832e-02 0.0000000000000000e+00
-5.2523850902369405e-02 -2.9437569598798854e-02 0.0000000000000000e+00
-5.2389458660168163e-02 -2.9319894044779471e-02 0.0000000000000000e+00
-5.2255768946029804e-02 -2.9112915257178212e-02 0.0000000000000000e+00
-5.2123977826015667e-02 -2.8814178183179773e-02 0.0000000000000000e+00
-5.1991257366517260e-02 -2.8554301518237214e-02 0.0000000000000000e+00
-5.1857689528322336e-02 -2.8369359102246677e-02 0.0000000000000000e+00
-5.1728305063134430e-02 -2.8195314795435480e-02 0.0000000000000000e+00
-5.1598137301532329e-02 -2.7973646830041062e-02 0.0000000000000000e+00
-5.1470197789305928e-02 -2.7727456514668947e-02 0.0000000000000000e+00
-5.1353054999129566e-02 -2.7506054328494144e-02 0.0000000000000000e+00
-5.1228652457656072e-02 -2.7314450747782246e-02 0.0000000000000000e+00
-5.1106651172953182e-02 -2.7123764357257291e-02 0.0000000000000000e+00
-5.0984860373877373e-02 -2.6915219640903956e-02 0.0000000000000000e+00
-5.0863593278439985e-02 -2.6703029296983559e-02 0.0000000000000000e+00
-5.0743408706794113e-02 -2.6501996994458057e-02 0.0000000000000000e+00
-5.0624989694926396e-02 -2.6311750366070849e-02 0.0000000000000000e+00
-5.0508282539147062e-02 -2.6122228388575315e-02 0.0000000000000000e+00
-5.0392084324357746e-02 -2.5929247483128578e-02 0.0000000000000000e+00
-5.0276839629102815e-02 -2.5737761481339150e-02 0.0000000000000000e+00
-5.0162692517142136e-02 -2.5551340162554097e-02 0.0000000000000000e+00
-5.0050063602286421e-02 -2.5368656183399299e-02 0.0000000000000000e+00
-4.9938884350583648e-02 -2.5186819189942838e-02 0.0000000000000000e+00
-4.9828430009101317e-02 -2.5005180461919733e-02 0.0000000000000000e+00
-4.9718257136586563e-02 -2.4824740352922359e-02 0.0000000000000000e+00
-4.9608634535300636e-02 -2.4647043438758849e-02 0.0000000000000000e+00
-4.9499668690176135e-02 -2.4472175018543683e-02 0.0000000000000000e+00
-4.9392227518121563e-02 -2.4299919499558308e-02 0.0000000000000000e+00
-4.9286628450768276e-02 -2.4129286180157923e-02 0.0000000000000000e+00
-4.9182543670052606e-02 -2.3959691901528316e-02 0.0000000000000000e+00
-4.9079769211299834e-02 -2.3792882468886351e-02 0.0000000000000000e+00
-4.8977249665342046e-02 -2.3628521117415344e-02 0.0000000000000000e+00
-4.8881291315110278e-02 -2.3462112773307526e-02 0.0000000000000000e+00
-4.8780007905596126e-02 -2.3296766280596824e-02 0.0000000000000000e+00
-4.8679199824435908e-02 -2.3132171846152919e-02 0.0000000000000000e+00
-4.8579096029993815e-02 -2.2970769468825713e-02 0.0000000000000000e+00
-4.8480085950653402e-02 -2.2813565585006010e-02 0.0000000000000000e+00
-4.8382219893023763e-02 -2.2658726162123152e-02 0.0000000000000000e+00
-4.8285335400853856e-02 -2.2504144434269756e-02 0.0000000000000000e+00
-4.8189165704220639e-02 -2.2349617365864296e-02 0.0000000000000000e+00
-4.8093710125810867e-02 -2.2197128683944987e-02 0.0000000000000000e+00
-4.8002784768972302e-02 -2.2057410097160984e-02 0.0000000000000000e+00
-4.7911614515101911e-02 -2.1985214981822196e-02 0.0000000000000000e+00
-4.7828700411594309e-02 -2.1200359986262452e-02 0.0000000000000000e+00
-4.7781100477600778e-02 -2.1698947445973431e-02 0.0000000000000000e+00
-4.7737814616931322e-02 -2.2118893269605547e-02 0.0000000000000000e+00
-4.7659378989239491e-02 -2.1702081337580014e-02 0.0000000000000000e+00
-4.7597620499267211e-02 -2.1140675788385271e-02 0.0000000000000000e+00
-4.7537249164443886e-02 -2.1068668451592134e-02 0.0000000000000000e+00
-4.7435572830305105e-02 -2.1212402543674267e-02 0.0000000000000000e+00
-4.7380125597744974e-02 -2.1148263686467467e-02 0.0000000000000000e+00
-4.7284768771261435e-02 -2.0850026927159499e-02 0.0000000000000000e+00
-4.7209416528871007e-02 -2.0634726216190533e-02 0.0000000000000000e+00
-4.7120758903385677e-02 -2.0559037636648750e-02 0.0000000000000000e+00
-4.7035274907588014e-02 -2.0499295264488862e-02 0.0000000000000000e+00
-4.6952991780030394e-02 -2.0362137623721122e-02 0.0000000000000000e+00
-4.6868112870366470e-02 -2.0182596395174751e-02 0.0000000000000000e+00
-4.6782701646339797e-02 -2.0029998025013030e-02 0.0000000000000000e+00
-4.6693806190162557e-02 -1.9912403176755650e-02 0.0000000000000000e+00
-4.6609531123689554e-02 -1.9804158794334097e-02 0.0000000000000000e+00
-4.6527046236388835e-02 -1.9677522561436643e-02 0.0000000000000000e+00
-4.6444538223139119e-02 -1.9533760480181864e-02 0.0000000000000000e+00
-4.6360455187799923e-02 -1.9395818062658464e-02 0.0000000000000000e+00
-4.6276689533635666e-02 -1.9275784722142073e-02 0.0000000000000000e+00
-4.6195670985886374e-02 -1.9164184690826275e-02 0.0000000000000000e+00
-4.6117885262310476e-02 -1.9042585781741461e-02 0.0000000000000000e+00
-4.6057266533997332e-02 -1.8903976358283201e-02 0.0000000000000000e+00
-4.5977267104797916e-02 -1.8772327989858732e-02 0.0000000000000000e+00
-4.5896431718738577e-02 -1.8652770120668030e-02 0.0000000000000000e+00
